Exhaustive data set: Lognormal distribution
3
X
Y
Zlog
    0.50    0.50   2.36102
    1.50    0.50   1.95609
    2.50    0.50   1.56261
    3.50    0.50   1.24331
    4.50    0.50   0.37491
    5.50    0.50   0.17443
    6.50    0.50   0.04766
    7.50    0.50   0.20402
    8.50    0.50   0.27859
    9.50    0.50   0.28582
   10.50    0.50   0.30449
   11.50    0.50   0.30630
   12.50    0.50   0.19888
   13.50    0.50   0.15703
   14.50    0.50   0.21921
   15.50    0.50   0.42355
   16.50    0.50   0.44781
   17.50    0.50   0.47450
   18.50    0.50   0.51258
   19.50    0.50   0.48706
   20.50    0.50   0.33104
   21.50    0.50   0.30208
   22.50    0.50   0.34073
   23.50    0.50   0.35471
   24.50    0.50   0.44010
   25.50    0.50   0.49172
   26.50    0.50   0.72454
   27.50    0.50   1.05837
   28.50    0.50   1.34430
   29.50    0.50   1.62995
   30.50    0.50   2.11629
   31.50    0.50   2.01452
   32.50    0.50   1.59868
   33.50    0.50   1.26875
   34.50    0.50   0.94173
   35.50    0.50   0.48175
   36.50    0.50   0.45233
   37.50    0.50   0.51939
   38.50    0.50   0.70067
   39.50    0.50   0.72787
   40.50    0.50   0.66631
   41.50    0.50   0.57760
   42.50    0.50   0.49038
   43.50    0.50   0.34133
   44.50    0.50   0.49640
   45.50    0.50   0.78110
   46.50    0.50   1.26162
   47.50    0.50   2.14905
   48.50    0.50   2.53761
   49.50    0.50   2.92450
    0.50    1.50   2.12219
    1.50    1.50   1.71415
    2.50    1.50   1.37229
    3.50    1.50   1.11970
    4.50    1.50   0.41534
    5.50    1.50   0.18251
    6.50    1.50   0.05811
    7.50    1.50   0.20146
    8.50    1.50   0.25009
    9.50    1.50   0.26347
   10.50    1.50   0.27436
   11.50    1.50   0.26286
   12.50    1.50   0.16896
   13.50    1.50   0.13852
   14.50    1.50   0.16965
   15.50    1.50   0.34497
   16.50    1.50   0.35959
   17.50    1.50   0.38045
   18.50    1.50   0.40717
   19.50    1.50   0.38169
   20.50    1.50   0.27677
   21.50    1.50   0.24642
   22.50    1.50   0.30510
   23.50    1.50   0.34740
   24.50    1.50   0.44975
   25.50    1.50   0.58049
   26.50    1.50   0.77319
   27.50    1.50   1.05139
   28.50    1.50   1.29775
   29.50    1.50   1.50257
   30.50    1.50   1.86117
   31.50    1.50   1.83030
   32.50    1.50   1.47112
   33.50    1.50   1.20628
   34.50    1.50   0.95217
   35.50    1.50   0.54008
   36.50    1.50   0.46794
   37.50    1.50   0.51666
   38.50    1.50   0.62552
   39.50    1.50   0.68135
   40.50    1.50   0.64841
   41.50    1.50   0.60460
   42.50    1.50   0.50581
   43.50    1.50   0.41345
   44.50    1.50   0.52213
   45.50    1.50   0.86005
   46.50    1.50   1.32303
   47.50    1.50   2.47497
   48.50    1.50   2.91932
   49.50    1.50   3.55874
    0.50    2.50   1.97439
    1.50    2.50   1.58908
    2.50    2.50   1.32906
    3.50    2.50   1.11229
    4.50    2.50   0.49238
    5.50    2.50   0.26165
    6.50    2.50   0.19109
    7.50    2.50   0.23290
    8.50    2.50   0.25070
    9.50    2.50   0.23537
   10.50    2.50   0.23784
   11.50    2.50   0.20594
   12.50    2.50   0.13775
   13.50    2.50   0.12907
   14.50    2.50   0.15416
   15.50    2.50   0.29305
   16.50    2.50   0.31715
   17.50    2.50   0.32318
   18.50    2.50   0.34255
   19.50    2.50   0.32379
   20.50    2.50   0.23352
   21.50    2.50   0.23475
   22.50    2.50   0.35715
   23.50    2.50   0.42862
   24.50    2.50   0.53176
   25.50    2.50   0.70230
   26.50    2.50   0.84487
   27.50    2.50   1.06188
   28.50    2.50   1.25454
   29.50    2.50   1.40750
   30.50    2.50   1.67232
   31.50    2.50   1.63990
   32.50    2.50   1.34124
   33.50    2.50   1.12342
   34.50    2.50   0.90303
   35.50    2.50   0.53107
   36.50    2.50   0.45881
   37.50    2.50   0.49305
   38.50    2.50   0.59871
   39.50    2.50   0.66239
   40.50    2.50   0.69500
   41.50    2.50   0.67737
   42.50    2.50   0.58919
   43.50    2.50   0.48507
   44.50    2.50   0.55127
   45.50    2.50   0.85053
   46.50    2.50   1.25173
   47.50    2.50   2.23308
   48.50    2.50   2.66732
   49.50    2.50   3.11167
    0.50    3.50   2.24599
    1.50    3.50   1.92786
    2.50    3.50   1.66617
    3.50    3.50   1.42554
    4.50    3.50   0.75241
    5.50    3.50   0.51394
    6.50    3.50   0.40342
    7.50    3.50   0.31474
    8.50    3.50   0.25922
    9.50    3.50   0.22297
   10.50    3.50   0.21039
   11.50    3.50   0.14683
   12.50    3.50   0.08834
   13.50    3.50   0.06945
   14.50    3.50   0.05990
   15.50    3.50   0.11565
   16.50    3.50   0.12988
   17.50    3.50   0.11652
   18.50    3.50   0.10377
   19.50    3.50   0.13068
   20.50    3.50   0.16340
   21.50    3.50   0.19500
   22.50    3.50   0.40843
   23.50    3.50   0.53799
   24.50    3.50   0.63461
   25.50    3.50   0.79174
   26.50    3.50   0.86869
   27.50    3.50   0.90203
   28.50    3.50   1.03188
   29.50    3.50   1.13846
   30.50    3.50   1.22121
   31.50    3.50   1.23913
   32.50    3.50   1.09521
   33.50    3.50   0.89112
   34.50    3.50   0.75842
   35.50    3.50   0.50109
   36.50    3.50   0.42418
   37.50    3.50   0.42798
   38.50    3.50   0.50987
   39.50    3.50   0.57544
   40.50    3.50   0.64456
   41.50    3.50   0.70149
   42.50    3.50   0.69096
   43.50    3.50   0.64072
   44.50    3.50   0.64379
   45.50    3.50   0.86772
   46.50    3.50   1.21304
   47.50    3.50   2.10458
   48.50    3.50   2.42975
   49.50    3.50   2.90901
    0.50    4.50   2.85352
    1.50    4.50   2.67609
    2.50    4.50   2.45596
    3.50    4.50   1.96390
    4.50    4.50   1.28315
    5.50    4.50   0.99396
    6.50    4.50   0.71294
    7.50    4.50   0.42228
    8.50    4.50   0.32137
    9.50    4.50   0.28040
   10.50    4.50   0.21733
   11.50    4.50   0.11739
   12.50    4.50   0.07089
   13.50    4.50   0.05001
   14.50    4.50   0.05220
   15.50    4.50   0.07229
   16.50    4.50   0.08944
   17.50    4.50   0.10472
   18.50    4.50   0.09054
   19.50    4.50   0.11825
   20.50    4.50   0.17849
   21.50    4.50   0.24152
   22.50    4.50   0.46271
   23.50    4.50   0.66396
   24.50    4.50   0.84770
   25.50    4.50   1.01274
   26.50    4.50   1.19289
   27.50    4.50   1.32152
   28.50    4.50   1.54408
   29.50    4.50   1.61617
   30.50    4.50   1.63392
   31.50    4.50   1.46424
   32.50    4.50   1.24471
   33.50    4.50   0.88817
   34.50    4.50   0.68695
   35.50    4.50   0.44395
   36.50    4.50   0.35532
   37.50    4.50   0.35593
   38.50    4.50   0.41408
   39.50    4.50   0.49372
   40.50    4.50   0.62703
   41.50    4.50   0.79263
   42.50    4.50   0.85433
   43.50    4.50   0.85528
   44.50    4.50   0.85148
   45.50    4.50   1.01721
   46.50    4.50   1.24192
   47.50    4.50   2.00369
   48.50    4.50   2.30568
   49.50    4.50   2.81439
    0.50    5.50   4.79646
    1.50    5.50   5.32468
    2.50    5.50   4.36323
    3.50    5.50   3.15310
    4.50    5.50   2.56182
    5.50    5.50   2.10167
    6.50    5.50   1.02058
    7.50    5.50   0.66474
    8.50    5.50   0.47779
    9.50    5.50   0.33406
   10.50    5.50   0.23660
   11.50    5.50   0.14758
   12.50    5.50   0.13929
   13.50    5.50   0.11911
   14.50    5.50   0.09162
   15.50    5.50   0.09269
   16.50    5.50   0.09375
   17.50    5.50   0.09479
   18.50    5.50   0.07367
   19.50    5.50   0.11996
   20.50    5.50   0.19565
   21.50    5.50   0.43499
   22.50    5.50   0.75670
   23.50    5.50   0.97876
   24.50    5.50   1.29922
   25.50    5.50   1.50080
   26.50    5.50   1.66209
   27.50    5.50   1.70778
   28.50    5.50   1.83736
   29.50    5.50   1.78655
   30.50    5.50   1.64994
   31.50    5.50   1.36132
   32.50    5.50   1.14226
   33.50    5.50   0.84581
   34.50    5.50   0.57472
   35.50    5.50   0.40968
   36.50    5.50   0.28883
   37.50    5.50   0.26710
   38.50    5.50   0.28401
   39.50    5.50   0.41282
   40.50    5.50   0.61875
   41.50    5.50   0.84959
   42.50    5.50   0.96804
   43.50    5.50   1.06071
   44.50    5.50   1.09763
   45.50    5.50   1.26304
   46.50    5.50   1.30069
   47.50    5.50   1.81631
   48.50    5.50   2.04477
   49.50    5.50   2.29218
    0.50    6.50  10.66694
    1.50    6.50   9.29890
    2.50    6.50   8.10823
    3.50    6.50   4.37508
    4.50    6.50   3.00982
    5.50    6.50   2.40768
    6.50    6.50   1.18890
    7.50    6.50   0.78463
    8.50    6.50   0.59504
    9.50    6.50   0.43053
   10.50    6.50   0.29907
   11.50    6.50   0.20466
   12.50    6.50   0.18384
   13.50    6.50   0.14006
   14.50    6.50   0.12081
   15.50    6.50   0.12166
   16.50    6.50   0.12250
   17.50    6.50   0.12333
   18.50    6.50   0.14082
   19.50    6.50   0.20530
   20.50    6.50   0.32862
   21.50    6.50   0.62175
   22.50    6.50   1.02509
   23.50    6.50   1.27305
   24.50    6.50   1.55331
   25.50    6.50   1.72055
   26.50    6.50   1.83972
   27.50    6.50   1.74433
   28.50    6.50   1.79335
   29.50    6.50   1.75750
   30.50    6.50   1.66413
   31.50    6.50   1.33818
   32.50    6.50   1.07603
   33.50    6.50   0.80521
   34.50    6.50   0.47515
   35.50    6.50   0.33346
   36.50    6.50   0.21796
   37.50    6.50   0.18450
   38.50    6.50   0.23043
   39.50    6.50   0.40030
   40.50    6.50   0.61202
   41.50    6.50   0.83457
   42.50    6.50   1.04446
   43.50    6.50   1.15372
   44.50    6.50   1.20224
   45.50    6.50   1.38496
   46.50    6.50   1.44894
   47.50    6.50   1.61421
   48.50    6.50   1.78203
   49.50    6.50   1.92532
    0.50    7.50  13.57444
    1.50    7.50  12.29098
    2.50    7.50   9.81981
    3.50    7.50   6.04241
    4.50    7.50   3.96952
    5.50    7.50   2.91416
    6.50    7.50   1.44725
    7.50    7.50   0.91408
    8.50    7.50   0.74899
    9.50    7.50   0.55057
   10.50    7.50   0.40155
   11.50    7.50   0.28823
   12.50    7.50   0.26771
   13.50    7.50   0.18516
   14.50    7.50   0.15488
   15.50    7.50   0.16410
   16.50    7.50   0.17916
   17.50    7.50   0.19630
   18.50    7.50   0.25497
   19.50    7.50   0.32197
   20.50    7.50   0.57257
   21.50    7.50   1.00276
   22.50    7.50   1.37703
   23.50    7.50   1.54224
   24.50    7.50   1.90523
   25.50    7.50   1.85398
   26.50    7.50   1.77306
   27.50    7.50   1.61031
   28.50    7.50   1.81169
   29.50    7.50   1.74215
   30.50    7.50   1.67027
   31.50    7.50   1.35665
   32.50    7.50   1.10861
   33.50    7.50   0.76361
   34.50    7.50   0.43180
   35.50    7.50   0.28944
   36.50    7.50   0.18582
   37.50    7.50   0.17034
   38.50    7.50   0.20658
   39.50    7.50   0.33648
   40.50    7.50   0.57185
   41.50    7.50   0.78552
   42.50    7.50   0.99506
   43.50    7.50   1.17704
   44.50    7.50   1.34584
   45.50    7.50   1.54961
   46.50    7.50   1.69514
   47.50    7.50   1.88545
   48.50    7.50   1.99563
   49.50    7.50   2.06158
    0.50    8.50  14.71110
    1.50    8.50  13.83227
    2.50    8.50  10.78864
    3.50    8.50   6.17294
    4.50    8.50   4.53582
    5.50    8.50   3.26477
    6.50    8.50   1.90772
    7.50    8.50   1.19156
    8.50    8.50   0.92321
    9.50    8.50   0.62401
   10.50    8.50   0.42989
   11.50    8.50   0.32922
   12.50    8.50   0.30811
   13.50    8.50   0.24459
   14.50    8.50   0.23105
   15.50    8.50   0.23722
   16.50    8.50   0.25557
   17.50    8.50   0.30148
   18.50    8.50   0.35776
   19.50    8.50   0.44910
   20.50    8.50   0.78021
   21.50    8.50   1.20493
   22.50    8.50   1.52223
   23.50    8.50   1.73563
   24.50    8.50   2.02270
   25.50    8.50   1.84683
   26.50    8.50   1.68471
   27.50    8.50   1.49198
   28.50    8.50   1.65195
   29.50    8.50   1.52947
   30.50    8.50   1.49903
   31.50    8.50   1.27449
   32.50    8.50   1.07722
   33.50    8.50   0.74814
   34.50    8.50   0.47977
   35.50    8.50   0.40404
   36.50    8.50   0.27738
   37.50    8.50   0.25618
   38.50    8.50   0.30269
   39.50    8.50   0.41219
   40.50    8.50   0.58266
   41.50    8.50   0.79980
   42.50    8.50   1.02283
   43.50    8.50   1.21712
   44.50    8.50   2.61572
   45.50    8.50   2.98805
   46.50    8.50   3.08846
   47.50    8.50   3.40537
   48.50    8.50   4.03800
   49.50    8.50   2.73446
    0.50    9.50  39.78712
    1.50    9.50  28.08286
    2.50    9.50  19.99671
    3.50    9.50  10.32483
    4.50    9.50   6.01712
    5.50    9.50   3.73541
    6.50    9.50   2.27883
    7.50    9.50   1.48498
    8.50    9.50   1.04677
    9.50    9.50   0.65693
   10.50    9.50   0.47911
   11.50    9.50   0.41094
   12.50    9.50   0.37184
   13.50    9.50   0.30329
   14.50    9.50   0.30871
   15.50    9.50   0.32016
   16.50    9.50   0.34619
   17.50    9.50   0.39967
   18.50    9.50   0.50244
   19.50    9.50   0.64763
   20.50    9.50   0.97445
   21.50    9.50   1.52043
   22.50    9.50   1.87812
   23.50    9.50   1.98231
   24.50    9.50   2.09586
   25.50    9.50   1.80478
   26.50    9.50   1.31553
   27.50    9.50   1.03416
   28.50    9.50   1.01946
   29.50    9.50   0.94069
   30.50    9.50   0.96272
   31.50    9.50   0.92117
   32.50    9.50   0.85814
   33.50    9.50   0.72204
   34.50    9.50   0.56116
   35.50    9.50   0.46663
   36.50    9.50   0.33709
   37.50    9.50   0.33769
   38.50    9.50   0.41597
   39.50    9.50   0.53314
   40.50    9.50   0.69419
   41.50    9.50   0.80883
   42.50    9.50   0.98633
   43.50    9.50   1.23774
   44.50    9.50   2.96125
   45.50    9.50   3.75238
   46.50    9.50   4.48497
   47.50    9.50   5.43963
   48.50    9.50   6.42682
   49.50    9.50   4.22647
    0.50   10.50  32.04836
    1.50   10.50  25.49983
    2.50   10.50  17.20951
    3.50   10.50   9.46363
    4.50   10.50   5.23320
    5.50   10.50   3.35718
    6.50   10.50   2.43719
    7.50   10.50   1.49023
    8.50   10.50   0.93140
    9.50   10.50   0.61277
   10.50   10.50   0.47187
   11.50   10.50   0.39532
   12.50   10.50   0.34680
   13.50   10.50   0.30931
   14.50   10.50   0.32983
   15.50   10.50   0.37245
   16.50   10.50   0.54286
   17.50   10.50   0.71790
   18.50   10.50   0.82345
   19.50   10.50   1.03987
   20.50   10.50   1.35510
   21.50   10.50   1.68679
   22.50   10.50   1.83265
   23.50   10.50   1.81863
   24.50   10.50   1.60836
   25.50   10.50   1.27161
   26.50   10.50   0.84017
   27.50   10.50   0.60018
   28.50   10.50   0.62476
   29.50   10.50   0.60608
   30.50   10.50   0.69258
   31.50   10.50   0.80340
   32.50   10.50   0.75155
   33.50   10.50   0.61575
   34.50   10.50   0.57400
   35.50   10.50   0.49975
   36.50   10.50   0.35227
   37.50   10.50   0.38725
   38.50   10.50   0.44524
   39.50   10.50   0.50851
   40.50   10.50   0.58556
   41.50   10.50   0.70802
   42.50   10.50   0.86292
   43.50   10.50   1.30957
   44.50   10.50   3.10583
   45.50   10.50   4.10909
   46.50   10.50   5.09432
   47.50   10.50   6.28260
   48.50   10.50   6.95191
   49.50   10.50   4.99568
    0.50   11.50  22.16249
    1.50   11.50  15.04668
    2.50   11.50  12.67603
    3.50   11.50   9.54918
    4.50   11.50   5.19765
    5.50   11.50   3.45498
    6.50   11.50   2.61151
    7.50   11.50   1.63791
    8.50   11.50   0.87449
    9.50   11.50   0.55197
   10.50   11.50   0.43946
   11.50   11.50   0.37306
   12.50   11.50   0.35288
   13.50   11.50   0.35837
   14.50   11.50   0.48241
   15.50   11.50   0.63537
   16.50   11.50   0.84864
   17.50   11.50   0.96590
   18.50   11.50   1.04792
   19.50   11.50   1.17573
   20.50   11.50   1.39136
   21.50   11.50   1.57766
   22.50   11.50   1.55702
   23.50   11.50   1.47803
   24.50   11.50   1.31254
   25.50   11.50   1.00607
   26.50   11.50   0.54426
   27.50   11.50   0.38787
   28.50   11.50   0.45557
   29.50   11.50   0.42102
   30.50   11.50   0.45816
   31.50   11.50   0.62627
   32.50   11.50   0.66083
   33.50   11.50   0.56258
   34.50   11.50   0.56329
   35.50   11.50   0.52419
   36.50   11.50   0.39594
   37.50   11.50   0.40655
   38.50   11.50   0.43435
   39.50   11.50   0.46597
   40.50   11.50   0.53038
   41.50   11.50   0.63005
   42.50   11.50   0.77757
   43.50   11.50   1.29042
   44.50   11.50   3.22669
   45.50   11.50   4.14039
   46.50   11.50   5.25120
   47.50   11.50   6.25472
   48.50   11.50   6.88021
   49.50   11.50   4.57483
    0.50   12.50  18.42567
    1.50   12.50  13.10117
    2.50   12.50  11.18013
    3.50   12.50   8.99255
    4.50   12.50   3.95041
    5.50   12.50   2.99889
    6.50   12.50   2.42236
    7.50   12.50   1.49726
    8.50   12.50   0.77933
    9.50   12.50   0.45492
   10.50   12.50   0.35898
   11.50   12.50   0.31353
   12.50   12.50   0.37922
   13.50   12.50   0.44588
   14.50   12.50   0.74303
   15.50   12.50   1.02848
   16.50   12.50   1.32453
   17.50   12.50   1.39779
   18.50   12.50   1.41567
   19.50   12.50   1.41239
   20.50   12.50   1.29188
   21.50   12.50   1.19555
   22.50   12.50   1.14734
   23.50   12.50   1.11106
   24.50   12.50   0.89409
   25.50   12.50   0.70393
   26.50   12.50   0.41156
   27.50   12.50   0.29004
   28.50   12.50   0.24520
   29.50   12.50   0.25679
   30.50   12.50   0.29064
   31.50   12.50   0.44652
   32.50   12.50   0.59430
   33.50   12.50   0.60757
   34.50   12.50   0.59577
   35.50   12.50   0.58992
   36.50   12.50   0.45621
   37.50   12.50   0.36020
   38.50   12.50   0.37984
   39.50   12.50   0.42165
   40.50   12.50   0.45686
   41.50   12.50   0.58411
   42.50   12.50   0.77057
   43.50   12.50   1.32755
   44.50   12.50   3.27120
   45.50   12.50   4.16155
   46.50   12.50   5.34343
   47.50   12.50   6.31078
   48.50   12.50   6.84507
   49.50   12.50   4.56174
    0.50   13.50  16.69416
    1.50   13.50  11.77536
    2.50   13.50  10.01305
    3.50   13.50   8.39562
    4.50   13.50   3.43354
    5.50   13.50   2.65859
    6.50   13.50   2.02544
    7.50   13.50   1.16921
    8.50   13.50   0.54916
    9.50   13.50   0.37368
   10.50   13.50   0.33830
   11.50   13.50   0.31413
   12.50   13.50   0.51735
   13.50   13.50   0.69743
   14.50   13.50   1.20359
   15.50   13.50   1.65803
   16.50   13.50   2.03369
   17.50   13.50   1.93040
   18.50   13.50   1.84208
   19.50   13.50   1.46596
   20.50   13.50   1.15116
   21.50   13.50   0.98308
   22.50   13.50   0.91206
   23.50   13.50   0.83737
   24.50   13.50   0.64148
   25.50   13.50   0.52008
   26.50   13.50   0.28341
   27.50   13.50   0.20721
   28.50   13.50   0.18649
   29.50   13.50   0.22234
   30.50   13.50   0.25740
   31.50   13.50   0.36081
   32.50   13.50   0.50446
   33.50   13.50   0.53383
   34.50   13.50   0.50514
   35.50   13.50   0.45751
   36.50   13.50   0.36142
   37.50   13.50   0.26831
   38.50   13.50   0.28462
   39.50   13.50   0.33891
   40.50   13.50   0.38849
   41.50   13.50   0.46728
   42.50   13.50   0.58628
   43.50   13.50   1.18230
   44.50   13.50   2.11924
   45.50   13.50   2.60311
   46.50   13.50   3.25836
   47.50   13.50   3.85772
   48.50   13.50   4.07829
   49.50   13.50   3.76093
    0.50   14.50   5.12822
    1.50   14.50   4.33976
    2.50   14.50   4.09877
    3.50   14.50   3.54353
    4.50   14.50   2.24924
    5.50   14.50   1.89530
    6.50   14.50   1.40263
    7.50   14.50   0.79890
    8.50   14.50   0.32077
    9.50   14.50   0.29124
   10.50   14.50   0.26892
   11.50   14.50   0.25801
   12.50   14.50   0.51190
   13.50   14.50   0.82253
   14.50   14.50   1.48673
   15.50   14.50   2.15510
   16.50   14.50   2.42605
   17.50   14.50   2.30229
   18.50   14.50   2.08147
   19.50   14.50   1.47284
   20.50   14.50   0.93552
   21.50   14.50   0.58193
   22.50   14.50   0.48043
   23.50   14.50   0.40780
   24.50   14.50   0.25861
   25.50   14.50   0.21859
   26.50   14.50   0.18715
   27.50   14.50   0.14158
   28.50   14.50   0.16480
   29.50   14.50   0.17983
   30.50   14.50   0.20785
   31.50   14.50   0.26952
   32.50   14.50   0.39656
   33.50   14.50   0.42291
   34.50   14.50   0.38107
   35.50   14.50   0.33951
   36.50   14.50   0.27798
   37.50   14.50   0.15560
   38.50   14.50   0.14234
   39.50   14.50   0.18780
   40.50   14.50   0.23167
   41.50   14.50   0.31534
   42.50   14.50   0.42926
   43.50   14.50   0.98742
   44.50   14.50   1.42886
   45.50   14.50   1.69305
   46.50   14.50   2.18574
   47.50   14.50   2.81923
   48.50   14.50   2.80476
   49.50   14.50   2.82894
    0.50   15.50   3.61305
    1.50   15.50   3.01531
    2.50   15.50   2.89368
    3.50   15.50   2.65425
    4.50   15.50   1.51683
    5.50   15.50   1.24891
    6.50   15.50   1.03075
    7.50   15.50   0.67025
    8.50   15.50   0.35349
    9.50   15.50   0.30992
   10.50   15.50   0.29185
   11.50   15.50   0.30389
   12.50   15.50   0.57688
   13.50   15.50   0.89211
   14.50   15.50   1.68264
   15.50   15.50   2.34697
   16.50   15.50   2.57820
   17.50   15.50   2.40403
   18.50   15.50   2.13406
   19.50   15.50   1.28170
   20.50   15.50   0.61426
   21.50   15.50   0.28522
   22.50   15.50   0.20849
   23.50   15.50   0.15632
   24.50   15.50   0.14309
   25.50   15.50   0.10567
   26.50   15.50   0.09583
   27.50   15.50   0.06163
   28.50   15.50   0.09685
   29.50   15.50   0.14832
   30.50   15.50   0.17102
   31.50   15.50   0.20912
   32.50   15.50   0.34012
   33.50   15.50   0.36203
   34.50   15.50   0.33043
   35.50   15.50   0.29245
   36.50   15.50   0.24581
   37.50   15.50   0.10661
   38.50   15.50   0.05427
   39.50   15.50   0.12416
   40.50   15.50   0.18050
   41.50   15.50   0.27013
   42.50   15.50   0.38911
   43.50   15.50   0.72121
   44.50   15.50   1.02622
   45.50   15.50   1.17967
   46.50   15.50   1.61226
   47.50   15.50   2.37165
   48.50   15.50   2.55776
   49.50   15.50   2.75288
    0.50   16.50   2.09876
    1.50   16.50   1.82329
    2.50   16.50   1.78881
    3.50   16.50   1.58526
    4.50   16.50   1.01052
    5.50   16.50   0.89014
    6.50   16.50   0.76708
    7.50   16.50   0.44717
    8.50   16.50   0.35410
    9.50   16.50   0.28642
   10.50   16.50   0.27073
   11.50   16.50   0.27134
   12.50   16.50   0.57832
   13.50   16.50   0.95532
   14.50   16.50   1.80249
   15.50   16.50   2.53361
   16.50   16.50   2.79997
   17.50   16.50   2.60730
   18.50   16.50   2.23952
   19.50   16.50   1.37387
   20.50   16.50   0.59357
   21.50   16.50   0.25983
   22.50   16.50   0.13148
   23.50   16.50   0.07501
   24.50   16.50   0.06329
   25.50   16.50   0.07633
   26.50   16.50   0.06490
   27.50   16.50   0.05624
   28.50   16.50   0.09787
   29.50   16.50   0.14385
   30.50   16.50   0.18117
   31.50   16.50   0.20976
   32.50   16.50   0.31052
   33.50   16.50   0.31594
   34.50   16.50   0.27919
   35.50   16.50   0.22359
   36.50   16.50   0.19694
   37.50   16.50   0.07762
   38.50   16.50   0.03922
   39.50   16.50   0.09887
   40.50   16.50   0.15775
   41.50   16.50   0.24704
   42.50   16.50   0.43563
   43.50   16.50   0.66710
   44.50   16.50   0.88130
   45.50   16.50   1.02961
   46.50   16.50   1.42224
   47.50   16.50   2.18885
   48.50   16.50   2.39315
   49.50   16.50   2.72988
    0.50   17.50   1.70990
    1.50   17.50   1.53310
    2.50   17.50   1.47630
    3.50   17.50   1.39940
    4.50   17.50   1.16144
    5.50   17.50   0.88915
    6.50   17.50   0.72704
    7.50   17.50   0.48109
    8.50   17.50   0.38230
    9.50   17.50   0.27194
   10.50   17.50   0.22421
   11.50   17.50   0.23228
   12.50   17.50   0.49105
   13.50   17.50   0.87838
   14.50   17.50   1.62009
   15.50   17.50   2.28883
   16.50   17.50   2.51774
   17.50   17.50   2.48265
   18.50   17.50   2.16421
   19.50   17.50   1.32604
   20.50   17.50   0.64302
   21.50   17.50   0.37429
   22.50   17.50   0.12499
   23.50   17.50   0.07889
   24.50   17.50   0.08014
   25.50   17.50   0.09987
   26.50   17.50   0.08136
   27.50   17.50   0.08257
   28.50   17.50   0.10754
   29.50   17.50   0.14905
   30.50   17.50   0.18846
   31.50   17.50   0.31655
   32.50   17.50   0.36264
   33.50   17.50   0.36326
   34.50   17.50   0.34194
   35.50   17.50   0.27255
   36.50   17.50   0.14460
   37.50   17.50   0.06646
   38.50   17.50   0.04234
   39.50   17.50   0.08375
   40.50   17.50   0.14979
   41.50   17.50   0.22484
   42.50   17.50   0.43626
   43.50   17.50   0.54496
   44.50   17.50   0.79710
   45.50   17.50   0.99725
   46.50   17.50   1.33361
   47.50   17.50   2.07861
   48.50   17.50   2.37521
   49.50   17.50   2.72533
    0.50   18.50   1.39457
    1.50   18.50   1.43718
    2.50   18.50   1.38178
    3.50   18.50   1.37072
    4.50   18.50   1.21984
    5.50   18.50   0.95427
    6.50   18.50   0.70638
    7.50   18.50   0.49707
    8.50   18.50   0.36387
    9.50   18.50   0.22546
   10.50   18.50   0.18912
   11.50   18.50   0.17171
   12.50   18.50   0.30570
   13.50   18.50   0.65305
   14.50   18.50   1.12716
   15.50   18.50   1.80020
   16.50   18.50   2.04756
   17.50   18.50   2.15813
   18.50   18.50   1.82096
   19.50   18.50   1.30660
   20.50   18.50   0.67341
   21.50   18.50   0.41471
   22.50   18.50   0.18978
   23.50   18.50   0.19759
   24.50   18.50   0.17239
   25.50   18.50   0.19043
   26.50   18.50   0.17307
   27.50   18.50   0.15846
   28.50   18.50   0.16550
   29.50   18.50   0.29365
   30.50   18.50   0.33164
   31.50   18.50   0.53869
   32.50   18.50   0.59797
   33.50   18.50   0.57904
   34.50   18.50   0.45946
   35.50   18.50   0.38292
   36.50   18.50   0.17375
   37.50   18.50   0.08492
   38.50   18.50   0.06798
   39.50   18.50   0.13227
   40.50   18.50   0.21103
   41.50   18.50   0.32258
   42.50   18.50   0.55338
   43.50   18.50   0.67420
   44.50   18.50   0.87158
   45.50   18.50   1.05604
   46.50   18.50   1.35046
   47.50   18.50   2.02818
   48.50   18.50   2.32273
   49.50   18.50   2.64129
    0.50   19.50   1.25313
    1.50   19.50   1.46083
    2.50   19.50   1.38337
    3.50   19.50   1.41731
    4.50   19.50   1.36914
    5.50   19.50   1.09279
    6.50   19.50   0.73290
    7.50   19.50   0.54566
    8.50   19.50   0.36448
    9.50   19.50   0.19824
   10.50   19.50   0.15917
   11.50   19.50   0.10847
   12.50   19.50   0.21166
   13.50   19.50   0.44846
   14.50   19.50   0.78907
   15.50   19.50   1.28025
   16.50   19.50   1.50968
   17.50   19.50   1.70566
   18.50   19.50   1.46767
   19.50   19.50   1.19956
   20.50   19.50   0.72871
   21.50   19.50   0.49774
   22.50   19.50   0.26043
   23.50   19.50   0.29426
   24.50   19.50   0.29486
   25.50   19.50   0.28703
   26.50   19.50   0.26104
   27.50   19.50   0.27979
   28.50   19.50   0.29546
   29.50   19.50   0.42481
   30.50   19.50   0.55408
   31.50   19.50   0.81429
   32.50   19.50   0.83643
   33.50   19.50   0.81978
   34.50   19.50   0.69177
   35.50   19.50   0.49841
   36.50   19.50   0.23845
   37.50   19.50   0.15052
   38.50   19.50   0.10938
   39.50   19.50   0.15125
   40.50   19.50   0.23907
   41.50   19.50   0.36509
   42.50   19.50   0.60682
   43.50   19.50   0.72370
   44.50   19.50   0.90603
   45.50   19.50   1.11599
   46.50   19.50   1.33971
   47.50   19.50   1.62403
   48.50   19.50   1.88300
   49.50   19.50   2.05315
    0.50   20.50   1.24611
    1.50   20.50   1.48150
    2.50   20.50   1.40425
    3.50   20.50   1.44220
    4.50   20.50   1.38975
    5.50   20.50   1.12467
    6.50   20.50   0.72955
    7.50   20.50   0.51326
    8.50   20.50   0.31775
    9.50   20.50   0.15988
   10.50   20.50   0.08608
   11.50   20.50   0.03120
   12.50   20.50   0.12581
   13.50   20.50   0.33225
   14.50   20.50   0.54636
   15.50   20.50   1.00165
   16.50   20.50   1.17836
   17.50   20.50   1.33666
   18.50   20.50   1.19822
   19.50   20.50   1.03644
   20.50   20.50   0.66161
   21.50   20.50   0.50649
   22.50   20.50   0.31835
   23.50   20.50   0.37552
   24.50   20.50   0.38973
   25.50   20.50   0.41660
   26.50   20.50   0.39718
   27.50   20.50   0.43690
   28.50   20.50   0.43754
   29.50   20.50   0.60831
   30.50   20.50   0.73711
   31.50   20.50   0.94693
   32.50   20.50   0.94902
   33.50   20.50   0.89905
   34.50   20.50   0.73038
   35.50   20.50   0.50716
   36.50   20.50   0.24765
   37.50   20.50   0.16059
   38.50   20.50   0.13306
   39.50   20.50   0.18184
   40.50   20.50   0.31896
   41.50   20.50   0.46011
   42.50   20.50   0.74643
   43.50   20.50   0.85338
   44.50   20.50   1.07841
   45.50   20.50   1.22807
   46.50   20.50   1.30364
   47.50   20.50   1.28605
   48.50   20.50   1.40588
   49.50   20.50   1.36758
    0.50   21.50   1.26020
    1.50   21.50   1.52404
    2.50   21.50   1.43384
    3.50   21.50   1.48848
    4.50   21.50   1.37544
    5.50   21.50   1.10493
    6.50   21.50   0.67499
    7.50   21.50   0.46076
    8.50   21.50   0.26226
    9.50   21.50   0.13385
   10.50   21.50   0.04512
   11.50   21.50   0.02513
   12.50   21.50   0.03561
   13.50   21.50   0.21984
   14.50   21.50   0.34801
   15.50   21.50   0.66318
   16.50   21.50   0.80430
   17.50   21.50   0.97231
   18.50   21.50   0.90503
   19.50   21.50   0.87546
   20.50   21.50   0.71048
   21.50   21.50   0.60905
   22.50   21.50   0.46141
   23.50   21.50   0.55479
   24.50   21.50   0.53938
   25.50   21.50   0.53245
   26.50   21.50   0.62778
   27.50   21.50   0.73795
   28.50   21.50   0.73122
   29.50   21.50   0.88326
   30.50   21.50   0.96484
   31.50   21.50   1.08437
   32.50   21.50   1.00718
   33.50   21.50   0.93243
   34.50   21.50   0.73880
   35.50   21.50   0.52281
   36.50   21.50   0.24826
   37.50   21.50   0.15198
   38.50   21.50   0.13464
   39.50   21.50   0.19953
   40.50   21.50   0.34862
   41.50   21.50   0.52350
   42.50   21.50   0.73206
   43.50   21.50   0.82438
   44.50   21.50   0.98524
   45.50   21.50   1.13342
   46.50   21.50   1.12094
   47.50   21.50   1.14479
   48.50   21.50   1.23636
   49.50   21.50   1.20090
    0.50   22.50   0.60979
    1.50   22.50   0.97553
    2.50   22.50   0.96166
    3.50   22.50   1.04562
    4.50   22.50   1.01386
    5.50   22.50   0.92729
    6.50   22.50   0.54706
    7.50   22.50   0.37614
    8.50   22.50   0.19174
    9.50   22.50   0.12663
   10.50   22.50   0.10086
   11.50   22.50   0.08721
   12.50   22.50   0.13542
   13.50   22.50   0.22608
   14.50   22.50   0.29606
   15.50   22.50   0.49439
   16.50   22.50   0.58701
   17.50   22.50   0.71130
   18.50   22.50   0.67578
   19.50   22.50   0.73964
   20.50   22.50   0.65382
   21.50   22.50   0.62854
   22.50   22.50   0.59944
   23.50   22.50   0.80611
   24.50   22.50   0.75929
   25.50   22.50   0.76882
   26.50   22.50   0.83924
   27.50   22.50   0.92934
   28.50   22.50   0.82530
   29.50   22.50   0.96697
   30.50   22.50   1.00829
   31.50   22.50   1.01833
   32.50   22.50   0.88718
   33.50   22.50   0.80701
   34.50   22.50   0.57976
   35.50   22.50   0.39035
   36.50   22.50   0.20017
   37.50   22.50   0.13620
   38.50   22.50   0.11030
   39.50   22.50   0.19239
   40.50   22.50   0.33285
   41.50   22.50   0.51462
   42.50   22.50   0.71955
   43.50   22.50   0.80792
   44.50   22.50   0.88424
   45.50   22.50   0.96060
   46.50   22.50   0.95743
   47.50   22.50   1.04102
   48.50   22.50   1.13972
   49.50   22.50   1.18494
    0.50   23.50   0.43818
    1.50   23.50   0.69338
    2.50   23.50   0.67658
    3.50   23.50   0.76015
    4.50   23.50   0.74049
    5.50   23.50   0.65460
    6.50   23.50   0.39097
    7.50   23.50   0.29667
    8.50   23.50   0.16619
    9.50   23.50   0.17511
   10.50   23.50   0.21229
   11.50   23.50   0.23968
   12.50   23.50   0.27315
   13.50   23.50   0.32439
   14.50   23.50   0.36570
   15.50   23.50   0.42545
   16.50   23.50   0.45039
   17.50   23.50   0.57329
   18.50   23.50   0.58774
   19.50   23.50   0.62930
   20.50   23.50   0.70312
   21.50   23.50   0.76101
   22.50   23.50   0.74133
   23.50   23.50   0.88620
   24.50   23.50   0.95112
   25.50   23.50   0.95637
   26.50   23.50   1.03302
   27.50   23.50   1.12218
   28.50   23.50   0.99287
   29.50   23.50   0.95007
   30.50   23.50   0.93449
   31.50   23.50   0.86100
   32.50   23.50   0.71212
   33.50   23.50   0.63613
   34.50   23.50   0.50784
   35.50   23.50   0.34315
   36.50   23.50   0.20082
   37.50   23.50   0.16129
   38.50   23.50   0.12745
   39.50   23.50   0.17579
   40.50   23.50   0.32499
   41.50   23.50   0.46859
   42.50   23.50   0.61501
   43.50   23.50   0.69581
   44.50   23.50   0.74218
   45.50   23.50   0.75070
   46.50   23.50   0.76188
   47.50   23.50   0.87062
   48.50   23.50   0.95322
   49.50   23.50   1.04217
    0.50   24.50   0.27375
    1.50   24.50   0.36632
    2.50   24.50   0.36693
    3.50   24.50   0.41723
    4.50   24.50   0.38354
    5.50   24.50   0.36754
    6.50   24.50   0.28100
    7.50   24.50   0.29727
    8.50   24.50   0.29787
    9.50   24.50   0.36815
   10.50   24.50   0.43116
   11.50   24.50   0.46925
   12.50   24.50   0.44074
   13.50   24.50   0.44138
   14.50   24.50   0.45104
   15.50   24.50   0.46206
   16.50   24.50   0.46990
   17.50   24.50   0.54077
   18.50   24.50   0.56400
   19.50   24.50   0.63690
   20.50   24.50   0.75327
   21.50   24.50   0.82622
   22.50   24.50   1.02170
   23.50   24.50   1.21848
   24.50   24.50   1.26447
   25.50   24.50   1.27737
   26.50   24.50   1.33513
   27.50   24.50   1.17312
   28.50   24.50   0.99615
   29.50   24.50   0.89310
   30.50   24.50   0.76969
   31.50   24.50   0.65538
   32.50   24.50   0.51530
   33.50   24.50   0.47581
   34.50   24.50   0.39780
   35.50   24.50   0.34923
   36.50   24.50   0.24030
   37.50   24.50   0.22670
   38.50   24.50   0.21292
   39.50   24.50   0.24887
   40.50   24.50   0.41786
   41.50   24.50   0.54776
   42.50   24.50   0.71377
   43.50   24.50   0.74728
   44.50   24.50   0.77231
   45.50   24.50   0.72038
   46.50   24.50   0.72537
   47.50   24.50   0.80070
   48.50   24.50   0.86196
   49.50   24.50   0.94798
    0.50   25.50   0.21355
    1.50   25.50   0.24091
    2.50   25.50   0.22733
    3.50   25.50   0.22795
    4.50   25.50   0.22857
    5.50   25.50   0.23414
    6.50   25.50   0.24948
    7.50   25.50   0.39159
    8.50   25.50   0.61650
    9.50   25.50   0.84111
   10.50   25.50   0.91711
   11.50   25.50   0.92423
   12.50   25.50   0.84205
   13.50   25.50   0.69662
   14.50   25.50   0.52487
   15.50   25.50   0.47647
   16.50   25.50   0.47713
   17.50   25.50   0.54147
   18.50   25.50   0.56471
   19.50   25.50   0.70475
   20.50   25.50   0.85623
   21.50   25.50   0.95848
   22.50   25.50   1.21440
   23.50   25.50   1.42059
   24.50   25.50   1.45232
   25.50   25.50   1.51146
   26.50   25.50   1.54041
   27.50   25.50   1.32002
   28.50   25.50   1.11475
   29.50   25.50   0.89508
   30.50   25.50   0.66553
   31.50   25.50   0.58121
   32.50   25.50   0.52556
   33.50   25.50   0.54846
   34.50   25.50   0.64532
   35.50   25.50   0.61725
   36.50   25.50   0.61054
   37.50   25.50   0.58846
   38.50   25.50   0.61800
   39.50   25.50   0.55550
   40.50   25.50   0.76274
   41.50   25.50   0.75412
   42.50   25.50   0.82069
   43.50   25.50   0.81520
   44.50   25.50   0.80974
   45.50   25.50   0.68454
   46.50   25.50   0.71459
   47.50   25.50   0.79352
   48.50   25.50   0.81611
   49.50   25.50   0.90704
    0.50   26.50   0.11120
    1.50   26.50   0.11210
    2.50   26.50   0.11300
    3.50   26.50   0.14534
    4.50   26.50   0.17647
    5.50   26.50   0.24214
    6.50   26.50   0.48308
    7.50   26.50   0.90804
    8.50   26.50   1.20898
    9.50   26.50   1.45742
   10.50   26.50   1.66822
   11.50   26.50   1.50434
   12.50   26.50   1.16402
   13.50   26.50   0.87643
   14.50   26.50   0.63766
   15.50   26.50   0.42608
   16.50   26.50   0.39843
   17.50   26.50   0.44203
   18.50   26.50   0.48374
   19.50   26.50   0.63842
   20.50   26.50   0.87740
   21.50   26.50   1.06422
   22.50   26.50   1.35976
   23.50   26.50   1.56448
   24.50   26.50   1.64792
   25.50   26.50   1.73130
   26.50   26.50   1.52584
   27.50   26.50   1.25737
   28.50   26.50   1.03530
   29.50   26.50   0.82161
   30.50   26.50   0.49908
   31.50   26.50   0.55620
   32.50   26.50   0.64609
   33.50   26.50   0.86388
   34.50   26.50   1.05720
   35.50   26.50   1.07247
   36.50   26.50   1.14861
   37.50   26.50   1.16532
   38.50   26.50   1.08318
   39.50   26.50   1.13594
   40.50   26.50   1.35355
   41.50   26.50   1.31404
   42.50   26.50   1.26732
   43.50   26.50   1.18626
   44.50   26.50   0.97983
   45.50   26.50   0.72620
   46.50   26.50   0.67817
   47.50   26.50   0.68534
   48.50   26.50   0.65615
   49.50   26.50   0.73374
    0.50   27.50   0.11389
    1.50   27.50   0.10183
    2.50   27.50   0.12826
    3.50   27.50   0.16200
    4.50   27.50   0.22047
    5.50   27.50   0.32560
    6.50   27.50   0.77406
    7.50   27.50   1.58717
    8.50   27.50   2.21394
    9.50   27.50   2.62420
   10.50   27.50   3.02081
   11.50   27.50   2.84364
   12.50   27.50   2.15207
   13.50   27.50   1.47457
   14.50   27.50   1.04908
   15.50   27.50   0.48440
   16.50   27.50   0.41849
   17.50   27.50   0.41912
   18.50   27.50   0.44267
   19.50   27.50   0.56542
   20.50   27.50   0.87255
   21.50   27.50   1.09884
   22.50   27.50   1.43885
   23.50   27.50   1.95350
   24.50   27.50   2.11042
   25.50   27.50   2.16727
   26.50   27.50   1.93295
   27.50   27.50   1.57011
   28.50   27.50   1.13217
   29.50   27.50   0.86484
   30.50   27.50   0.54217
   31.50   27.50   0.67896
   32.50   27.50   0.90904
   33.50   27.50   1.86358
   34.50   27.50   3.29065
   35.50   27.50   3.46219
   36.50   27.50   3.62888
   37.50   27.50   3.50608
   38.50   27.50   2.83383
   39.50   27.50   1.57577
   40.50   27.50   1.72914
   41.50   27.50   1.64190
   42.50   27.50   1.53492
   43.50   27.50   1.43052
   44.50   27.50   1.17182
   45.50   27.50   0.84299
   46.50   27.50   0.63081
   47.50   27.50   0.51598
   48.50   27.50   0.39905
   49.50   27.50   0.39221
    0.50   28.50   0.14609
    1.50   28.50   0.15271
    2.50   28.50   0.20210
    3.50   28.50   0.29847
    4.50   28.50   0.37675
    5.50   28.50   0.52625
    6.50   28.50   0.96910
    7.50   28.50   1.92027
    8.50   28.50   2.61996
    9.50   28.50   3.05993
   10.50   28.50   3.70195
   11.50   28.50   3.49868
   12.50   28.50   2.75753
   13.50   28.50   2.01724
   14.50   28.50   1.38656
   15.50   28.50   0.74388
   16.50   28.50   0.47845
   17.50   28.50   0.39283
   18.50   28.50   0.42672
   19.50   28.50   0.56613
   20.50   28.50   0.87935
   21.50   28.50   1.11846
   22.50   28.50   1.52765
   23.50   28.50   2.17033
   24.50   28.50   2.21711
   25.50   28.50   2.22987
   26.50   28.50   2.05035
   27.50   28.50   1.64391
   28.50   28.50   1.10738
   29.50   28.50   0.97017
   30.50   28.50   0.75498
   31.50   28.50   0.89607
   32.50   28.50   1.29335
   33.50   28.50   2.71625
   34.50   28.50   4.94802
   35.50   28.50   5.68859
   36.50   28.50   6.09379
   37.50   28.50   5.80076
   38.50   28.50   3.91277
   39.50   28.50   2.26889
   40.50   28.50   2.23630
   41.50   28.50   2.13704
   42.50   28.50   2.03922
   43.50   28.50   1.82796
   44.50   28.50   1.55888
   45.50   28.50   1.15886
   46.50   28.50   0.85243
   47.50   28.50   0.73458
   48.50   28.50   0.66789
   49.50   28.50   0.60091
    0.50   29.50   0.17714
    1.50   29.50   0.21418
    2.50   29.50   0.33467
    3.50   29.50   0.48573
    4.50   29.50   0.59065
    5.50   29.50   0.78640
    6.50   29.50   1.51325
    7.50   29.50   2.44842
    8.50   29.50   3.04865
    9.50   29.50   3.71025
   10.50   29.50   4.66886
   11.50   29.50   3.99856
   12.50   29.50   3.17119
   13.50   29.50   2.49038
   14.50   29.50   1.86599
   15.50   29.50   0.99835
   16.50   29.50   0.70556
   17.50   29.50   0.42735
   18.50   29.50   0.52693
   19.50   29.50   0.67976
   20.50   29.50   0.91813
   21.50   29.50   1.16015
   22.50   29.50   1.41076
   23.50   29.50   2.05595
   24.50   29.50   2.27551
   25.50   29.50   2.32617
   26.50   29.50   2.17956
   27.50   29.50   1.97703
   28.50   29.50   1.31106
   29.50   29.50   1.07366
   30.50   29.50   0.90004
   31.50   29.50   1.10006
   32.50   29.50   1.60642
   33.50   29.50   2.99346
   34.50   29.50   6.14627
   35.50   29.50   8.84970
   36.50   29.50   9.72716
   37.50   29.50   9.21955
   38.50   29.50   7.94824
   39.50   29.50   5.07756
   40.50   29.50   2.93491
   41.50   29.50   2.47881
   42.50   29.50   2.41867
   43.50   29.50   2.19196
   44.50   29.50   1.98497
   45.50   29.50   1.49374
   46.50   29.50   1.23082
   47.50   29.50   1.06540
   48.50   29.50   1.07484
   49.50   29.50   0.99945
    0.50   30.50   0.19305
    1.50   30.50   0.26407
    2.50   30.50   0.39345
    3.50   30.50   0.59650
    4.50   30.50   0.81064
    5.50   30.50   1.10128
    6.50   30.50   1.94575
    7.50   30.50   2.88354
    8.50   30.50   3.48399
    9.50   30.50   4.27099
   10.50   30.50   5.77790
   11.50   30.50   4.97968
   12.50   30.50   3.86678
   13.50   30.50   3.11752
   14.50   30.50   2.47115
   15.50   30.50   1.30808
   16.50   30.50   0.93655
   17.50   30.50   0.61950
   18.50   30.50   0.68615
   19.50   30.50   0.79442
   20.50   30.50   1.00940
   21.50   30.50   1.26589
   22.50   30.50   1.57200
   23.50   30.50   2.41133
   24.50   30.50   2.76686
   25.50   30.50   2.74826
   26.50   30.50   2.52169
   27.50   30.50   2.25576
   28.50   30.50   1.35821
   29.50   30.50   1.05954
   30.50   30.50   0.98091
   31.50   30.50   1.22395
   32.50   30.50   1.87325
   33.50   30.50   3.31694
   34.50   30.50   7.17930
   35.50   30.50  10.54922
   36.50   30.50  11.61761
   37.50   30.50  11.04496
   38.50   30.50   8.78063
   39.50   30.50   5.66678
   40.50   30.50   3.07699
   41.50   30.50   2.70723
   42.50   30.50   2.69827
   43.50   30.50   2.49814
   44.50   30.50   2.31930
   45.50   30.50   2.34348
   46.50   30.50   2.44092
   47.50   30.50   2.35398
   48.50   30.50   2.58232
   49.50   30.50   2.73904
    0.50   31.50   0.26468
    1.50   31.50   0.32620
    2.50   31.50   0.45168
    3.50   31.50   0.73542
    4.50   31.50   0.92525
    5.50   31.50   1.23220
    6.50   31.50   1.98762
    7.50   31.50   2.87849
    8.50   31.50   3.58957
    9.50   31.50   4.42317
   10.50   31.50   5.96732
   11.50   31.50   5.60257
   12.50   31.50   5.99209
   13.50   31.50   4.78188
   14.50   31.50   3.76952
   15.50   31.50   2.63272
   16.50   31.50   2.17340
   17.50   31.50   0.91005
   18.50   31.50   0.88033
   19.50   31.50   0.97124
   20.50   31.50   1.34892
   21.50   31.50   1.85159
   22.50   31.50   2.29555
   23.50   31.50   3.03189
   24.50   31.50   3.39840
   25.50   31.50   3.16513
   26.50   31.50   2.90388
   27.50   31.50   2.45974
   28.50   31.50   1.51504
   29.50   31.50   1.10983
   30.50   31.50   1.05024
   31.50   31.50   1.28460
   32.50   31.50   1.99296
   33.50   31.50   3.49132
   34.50   31.50   7.42738
   35.50   31.50  11.32039
   36.50   31.50  14.10634
   37.50   31.50  12.47892
   38.50   31.50  10.11390
   39.50   31.50   6.51748
   40.50   31.50   3.46942
   41.50   31.50   2.59476
   42.50   31.50   2.71174
   43.50   31.50   2.64560
   44.50   31.50   2.68050
   45.50   31.50   2.97727
   46.50   31.50   3.13521
   47.50   31.50   3.12929
   48.50   31.50   3.32358
   49.50   31.50   3.63685
    0.50   32.50   0.47056
    1.50   32.50   0.50042
    2.50   32.50   0.60165
    3.50   32.50   0.81703
    4.50   32.50   0.97338
    5.50   32.50   1.25879
    6.50   32.50   1.83500
    7.50   32.50   2.46734
    8.50   32.50   2.86846
    9.50   32.50   3.37080
   10.50   32.50   4.28229
   11.50   32.50   4.41103
   12.50   32.50   5.42006
   13.50   32.50   4.82591
   14.50   32.50   3.90348
   15.50   32.50   2.95595
   16.50   32.50   2.46353
   17.50   32.50   1.25032
   18.50   32.50   1.09400
   19.50   32.50   1.16661
   20.50   32.50   1.76637
   21.50   32.50   2.20134
   22.50   32.50   2.98265
   23.50   32.50   3.94093
   24.50   32.50   4.68266
   25.50   32.50   3.93149
   26.50   32.50   3.55112
   27.50   32.50   2.59060
   28.50   32.50   1.65398
   29.50   32.50   1.19689
   30.50   32.50   1.20763
   31.50   32.50   1.45402
   32.50   32.50   2.10750
   33.50   32.50   3.04305
   34.50   32.50   5.38142
   35.50   32.50   9.06645
   36.50   32.50  10.91455
   37.50   32.50  10.43525
   38.50   32.50   9.14209
   39.50   32.50   7.69967
   40.50   32.50   4.35146
   41.50   32.50   2.97192
   42.50   32.50   2.96658
   43.50   32.50   2.88860
   44.50   32.50   2.78096
   45.50   32.50   3.09423
   46.50   32.50   3.52845
   47.50   32.50   3.47669
   48.50   32.50   3.80428
   49.50   32.50   4.02806
    0.50   33.50   0.78198
    1.50   33.50   0.76448
    2.50   33.50   0.77494
    3.50   33.50   0.82992
    4.50   33.50   0.93758
    5.50   33.50   1.14352
    6.50   33.50   1.63194
    7.50   33.50   2.21078
    8.50   33.50   2.54563
    9.50   33.50   3.20798
   10.50   33.50   4.06814
   11.50   33.50   4.21549
   12.50   33.50   5.51965
   13.50   33.50   5.36235
   14.50   33.50   4.29365
   15.50   33.50   3.37766
   16.50   33.50   2.92970
   17.50   33.50   1.70355
   18.50   33.50   1.45063
   19.50   33.50   1.60448
   20.50   33.50   2.14604
   21.50   33.50   2.49425
   22.50   33.50   3.44780
   23.50   33.50   4.93236
   24.50   33.50   5.82386
   25.50   33.50   5.01181
   26.50   33.50   4.58800
   27.50   33.50   3.12340
   28.50   33.50   2.14303
   29.50   33.50   1.29481
   30.50   33.50   1.23359
   31.50   33.50   1.39618
   32.50   33.50   1.86840
   33.50   33.50   2.59892
   34.50   33.50   3.88504
   35.50   33.50   7.56025
   36.50   33.50   8.92032
   37.50   33.50   8.71305
   38.50   33.50   8.16355
   39.50   33.50   7.21912
   40.50   33.50   3.89423
   41.50   33.50   2.76218
   42.50   33.50   2.68936
   43.50   33.50   2.62845
   44.50   33.50   2.44467
   45.50   33.50   2.94540
   46.50   33.50   3.41940
   47.50   33.50   3.51350
   48.50   33.50   3.81308
   49.50   33.50   4.18294
    0.50   34.50   0.90104
    1.50   34.50   0.83085
    2.50   34.50   0.77582
    3.50   34.50   0.73627
    4.50   34.50   0.78729
    5.50   34.50   0.91105
    6.50   34.50   1.03758
    7.50   34.50   1.56636
    8.50   34.50   1.95869
    9.50   34.50   2.67170
   10.50   34.50   3.20179
   11.50   34.50   3.66098
   12.50   34.50   4.72460
   13.50   34.50   4.71052
   14.50   34.50   3.92211
   15.50   34.50   3.35040
   16.50   34.50   2.95066
   17.50   34.50   1.90274
   18.50   34.50   1.56823
   19.50   34.50   1.75971
   20.50   34.50   2.22029
   21.50   34.50   2.63700
   22.50   34.50   3.71860
   23.50   34.50   5.26934
   24.50   34.50   5.87073
   25.50   34.50   5.11120
   26.50   34.50   4.90139
   27.50   34.50   3.29718
   28.50   34.50   2.37878
   29.50   34.50   1.61813
   30.50   34.50   1.45572
   31.50   34.50   1.42389
   32.50   34.50   1.74870
   33.50   34.50   2.52565
   34.50   34.50   3.33024
   35.50   34.50   4.46002
   36.50   34.50   5.64518
   37.50   34.50   5.62378
   38.50   34.50   4.73877
   39.50   34.50   4.00834
   40.50   34.50   3.17726
   41.50   34.50   2.40040
   42.50   34.50   2.28215
   43.50   34.50   2.30907
   44.50   34.50   2.13108
   45.50   34.50   2.74364
   46.50   34.50   3.07128
   47.50   34.50   3.24562
   48.50   34.50   3.58181
   49.50   34.50   3.87588
    0.50   35.50   0.91914
    1.50   35.50   0.82714
    2.50   35.50   0.75584
    3.50   35.50   0.63919
    4.50   35.50   0.55691
    5.50   35.50   0.52762
    6.50   35.50   0.58338
    7.50   35.50   0.98200
    8.50   35.50   1.28751
    9.50   35.50   1.90025
   10.50   35.50   2.33307
   11.50   35.50   2.79520
   12.50   35.50   3.56639
   13.50   35.50   3.66910
   14.50   35.50   3.42645
   15.50   35.50   3.36398
   16.50   35.50   3.02634
   17.50   35.50   2.11335
   18.50   35.50   1.77978
   19.50   35.50   1.91775
   20.50   35.50   2.24275
   21.50   35.50   2.66295
   22.50   35.50   3.67725
   23.50   35.50   4.91682
   24.50   35.50   5.45937
   25.50   35.50   4.69654
   26.50   35.50   4.52299
   27.50   35.50   3.23928
   28.50   35.50   2.56590
   29.50   35.50   1.96129
   30.50   35.50   1.76859
   31.50   35.50   1.59291
   32.50   35.50   1.68887
   33.50   35.50   2.25903
   34.50   35.50   2.57408
   35.50   35.50   3.19562
   36.50   35.50   3.84870
   37.50   35.50   4.08850
   38.50   35.50   3.52096
   39.50   35.50   3.38455
   40.50   35.50   2.82408
   41.50   35.50   2.00909
   42.50   35.50   1.75530
   43.50   35.50   1.72484
   44.50   35.50   1.43551
   45.50   35.50   1.80708
   46.50   35.50   1.95091
   47.50   35.50   2.14003
   48.50   35.50   2.20762
   49.50   35.50   2.33653
    0.50   36.50   0.92016
    1.50   36.50   0.80160
    2.50   36.50   0.71542
    3.50   36.50   0.48639
    4.50   36.50   0.36877
    5.50   36.50   0.28160
    6.50   36.50   0.28220
    7.50   36.50   0.46336
    8.50   36.50   0.63157
    9.50   36.50   1.14989
   10.50   36.50   1.59483
   11.50   36.50   2.12811
   12.50   36.50   2.31588
   13.50   36.50   2.54966
   14.50   36.50   2.45218
   15.50   36.50   2.72078
   16.50   36.50   2.41500
   17.50   36.50   2.20448
   18.50   36.50   2.01997
   19.50   36.50   2.16117
   20.50   36.50   1.94833
   21.50   36.50   2.12514
   22.50   36.50   2.85848
   23.50   36.50   3.74388
   24.50   36.50   4.15094
   25.50   36.50   3.98883
   26.50   36.50   4.51024
   27.50   36.50   3.57408
   28.50   36.50   2.86346
   29.50   36.50   2.36455
   30.50   36.50   2.17647
   31.50   36.50   1.84445
   32.50   36.50   1.81400
   33.50   36.50   2.09297
   34.50   36.50   2.22667
   35.50   36.50   2.55371
   36.50   36.50   2.69381
   37.50   36.50   2.79044
   38.50   36.50   2.38595
   39.50   36.50   2.35047
   40.50   36.50   1.89778
   41.50   36.50   1.41895
   42.50   36.50   1.18098
   43.50   36.50   1.06657
   44.50   36.50   0.84393
   45.50   36.50   0.92832
   46.50   36.50   1.10249
   47.50   36.50   1.21033
   48.50   36.50   1.34738
   49.50   36.50   1.41403
    0.50   37.50   0.76534
    1.50   37.50   0.64686
    2.50   37.50   0.54986
    3.50   37.50   0.36938
    4.50   37.50   0.24275
    5.50   37.50   0.15343
    6.50   37.50   0.13698
    7.50   37.50   0.21482
    8.50   37.50   0.34984
    9.50   37.50   0.79531
   10.50   37.50   1.17051
   11.50   37.50   1.53675
   12.50   37.50   1.88056
   13.50   37.50   2.03093
   14.50   37.50   2.04199
   15.50   37.50   2.43347
   16.50   37.50   2.22348
   17.50   37.50   2.05876
   18.50   37.50   1.97967
   19.50   37.50   2.06723
   20.50   37.50   1.54592
   21.50   37.50   1.67850
   22.50   37.50   2.00100
   23.50   37.50   2.52963
   24.50   37.50   2.78569
   25.50   37.50   3.05428
   26.50   37.50   4.44766
   27.50   37.50   4.43537
   28.50   37.50   4.49756
   29.50   37.50   3.78682
   30.50   37.50   3.25197
   31.50   37.50   2.25250
   32.50   37.50   2.03645
   33.50   37.50   1.64591
   34.50   37.50   1.66006
   35.50   37.50   1.55146
   36.50   37.50   1.54776
   37.50   37.50   1.53858
   38.50   37.50   1.23497
   39.50   37.50   1.00055
   40.50   37.50   0.86580
   41.50   37.50   0.63995
   42.50   37.50   0.50177
   43.50   37.50   0.51803
   44.50   37.50   0.50919
   45.50   37.50   0.62025
   46.50   37.50   0.76621
   47.50   37.50   0.87352
   48.50   37.50   0.93862
   49.50   37.50   1.13468
    0.50   38.50   0.68055
    1.50   38.50   0.55761
    2.50   38.50   0.47121
    3.50   38.50   0.37737
    4.50   38.50   0.25131
    5.50   38.50   0.11477
    6.50   38.50   0.10280
    7.50   38.50   0.16689
    8.50   38.50   0.26529
    9.50   38.50   0.34376
   10.50   38.50   0.65771
   11.50   38.50   0.93037
   12.50   38.50   1.06775
   13.50   38.50   1.22532
   14.50   38.50   1.46939
   15.50   38.50   1.91022
   16.50   38.50   1.80938
   17.50   38.50   1.78429
   18.50   38.50   1.73997
   19.50   38.50   1.69096
   20.50   38.50   1.18758
   21.50   38.50   1.27018
   22.50   38.50   1.34277
   23.50   38.50   1.73780
   24.50   38.50   2.07007
   25.50   38.50   2.50987
   26.50   38.50   3.82192
   27.50   38.50   4.39897
   28.50   38.50   4.96379
   29.50   38.50   4.60125
   30.50   38.50   4.04799
   31.50   38.50   2.77154
   32.50   38.50   2.34000
   33.50   38.50   1.63591
   34.50   38.50   1.45912
   35.50   38.50   1.22669
   36.50   38.50   1.10371
   37.50   38.50   1.01163
   38.50   38.50   0.86676
   39.50   38.50   0.66867
   40.50   38.50   0.59138
   41.50   38.50   0.43244
   42.50   38.50   0.35044
   43.50   38.50   0.37799
   44.50   38.50   0.37860
   45.50   38.50   0.46402
   46.50   38.50   0.55832
   47.50   38.50   0.65849
   48.50   38.50   0.70720
   49.50   38.50   0.84675
    0.50   39.50   0.71624
    1.50   39.50   0.61128
    2.50   39.50   0.53452
    3.50   39.50   0.44331
    4.50   39.50   0.31112
    5.50   39.50   0.20274
    6.50   39.50   0.16758
    7.50   39.50   0.19370
    8.50   39.50   0.25192
    9.50   39.50   0.29968
   10.50   39.50   0.51871
   11.50   39.50   0.78286
   12.50   39.50   0.93965
   13.50   39.50   1.13720
   14.50   39.50   1.46253
   15.50   39.50   1.91524
   16.50   39.50   1.91273
   17.50   39.50   1.88791
   18.50   39.50   1.89037
   19.50   39.50   1.72699
   20.50   39.50   1.21168
   21.50   39.50   1.16791
   22.50   39.50   1.11352
   23.50   39.50   1.36288
   24.50   39.50   1.62206
   25.50   39.50   2.19820
   26.50   39.50   3.60519
   27.50   39.50   5.94281
   28.50   39.50   6.98850
   29.50   39.50   7.02559
   30.50   39.50   6.67611
   31.50   39.50   4.75304
   32.50   39.50   2.94015
   33.50   39.50   1.69724
   34.50   39.50   1.31852
   35.50   39.50   0.95954
   36.50   39.50   0.78375
   37.50   39.50   0.63233
   38.50   39.50   0.60239
   39.50   39.50   0.43307
   40.50   39.50   0.40092
   41.50   39.50   0.27496
   42.50   39.50   0.22109
   43.50   39.50   0.22919
   44.50   39.50   0.24336
   45.50   39.50   0.31172
   46.50   39.50   0.43882
   47.50   39.50   0.52831
   48.50   39.50   0.56685
   49.50   39.50   0.69824
    0.50   40.50   1.14606
    1.50   40.50   0.98850
    2.50   40.50   0.88228
    3.50   40.50   0.60313
    4.50   40.50   0.41975
    5.50   40.50   0.30690
    6.50   40.50   0.22981
    7.50   40.50   0.17782
    8.50   40.50   0.18317
    9.50   40.50   0.20338
   10.50   40.50   0.40217
   11.50   40.50   0.62100
   12.50   40.50   0.85718
   13.50   40.50   1.06893
   14.50   40.50   1.44053
   15.50   40.50   1.85637
   16.50   40.50   2.00639
   17.50   40.50   1.96651
   18.50   40.50   1.96913
   19.50   40.50   1.75090
   20.50   40.50   1.28896
   21.50   40.50   1.08557
   22.50   40.50   0.97660
   23.50   40.50   1.12841
   24.50   40.50   1.29628
   25.50   40.50   1.87568
   26.50   40.50   3.33694
   27.50   40.50   6.22716
   28.50   40.50   7.51525
   29.50   40.50   7.84624
   30.50   40.50   7.65243
   31.50   40.50   5.89451
   32.50   40.50   3.22043
   33.50   40.50   1.94061
   34.50   40.50   1.30216
   35.50   40.50   0.83178
   36.50   40.50   0.59211
   37.50   40.50   0.38416
   38.50   40.50   0.39407
   39.50   40.50   0.32681
   40.50   40.50   0.33527
   41.50   40.50   0.25253
   42.50   40.50   0.27557
   43.50   40.50   0.27617
   44.50   40.50   0.28281
   45.50   40.50   0.34437
   46.50   40.50   0.43371
   47.50   40.50   0.50311
   48.50   40.50   0.55903
   49.50   40.50   0.68775
    0.50   41.50   1.43218
    1.50   41.50   1.25596
    2.50   41.50   1.11722
    3.50   41.50   0.78818
    4.50   41.50   0.53522
    5.50   41.50   0.40279
    6.50   41.50   0.31233
    7.50   41.50   0.25314
    8.50   41.50   0.23599
    9.50   41.50   0.22172
   10.50   41.50   0.25375
   11.50   41.50   0.35105
   12.50   41.50   0.55974
   13.50   41.50   0.79621
   14.50   41.50   1.15244
   15.50   41.50   1.39296
   16.50   41.50   1.85877
   17.50   41.50   1.89283
   18.50   41.50   1.87082
   19.50   41.50   1.57956
   20.50   41.50   1.40913
   21.50   41.50   1.02396
   22.50   41.50   0.88522
   23.50   41.50   0.98959
   24.50   41.50   1.19023
   25.50   41.50   1.77082
   26.50   41.50   3.18948
   27.50   41.50   6.36813
   28.50   41.50   7.74770
   29.50   41.50   8.51869
   30.50   41.50   8.27735
   31.50   41.50   6.70904
   32.50   41.50   3.72699
   33.50   41.50   2.32961
   34.50   41.50   1.36444
   35.50   41.50   0.82807
   36.50   41.50   0.48772
   37.50   41.50   0.31293
   38.50   41.50   0.31956
   39.50   41.50   0.32741
   40.50   41.50   0.38477
   41.50   41.50   0.36999
   42.50   41.50   0.49506
   43.50   41.50   0.48839
   44.50   41.50   0.49573
   45.50   41.50   0.52900
   46.50   41.50   0.62250
   47.50   41.50   0.74984
   48.50   41.50   0.83271
   49.50   41.50   0.98416
    0.50   42.50   1.71202
    1.50   42.50   1.47976
    2.50   42.50   1.36601
    3.50   42.50   0.99068
    4.50   42.50   0.77669
    5.50   42.50   0.66946
    6.50   42.50   0.52969
    7.50   42.50   0.38539
    8.50   42.50   0.32801
    9.50   42.50   0.26589
   10.50   42.50   0.19435
   11.50   42.50   0.21545
   12.50   42.50   0.39469
   13.50   42.50   0.64918
   14.50   42.50   1.00386
   15.50   42.50   1.21576
   16.50   42.50   1.75309
   17.50   42.50   1.82562
   18.50   42.50   1.84920
   19.50   42.50   1.59675
   20.50   42.50   1.48324
   21.50   42.50   1.09642
   22.50   42.50   0.96378
   23.50   42.50   0.93345
   24.50   42.50   1.08677
   25.50   42.50   1.35201
   26.50   42.50   2.27219
   27.50   42.50   4.64155
   28.50   42.50   6.33929
   29.50   42.50   7.34218
   30.50   42.50   8.45654
   31.50   42.50   7.79655
   32.50   42.50   5.16266
   33.50   42.50   3.44066
   34.50   42.50   2.38236
   35.50   42.50   1.03873
   36.50   42.50   0.56756
   37.50   42.50   0.40905
   38.50   42.50   0.46467
   39.50   42.50   0.53591
   40.50   42.50   0.65927
   41.50   42.50   0.68215
   42.50   42.50   0.80250
   43.50   42.50   0.78996
   44.50   42.50   0.79800
   45.50   42.50   0.79085
   46.50   42.50   0.89706
   47.50   42.50   0.99178
   48.50   42.50   1.08797
   49.50   42.50   1.22258
    0.50   43.50   1.77529
    1.50   43.50   1.62600
    2.50   43.50   1.50612
    3.50   43.50   1.08917
    4.50   43.50   0.86965
    5.50   43.50   0.82900
    6.50   43.50   0.68855
    7.50   43.50   0.47252
    8.50   43.50   0.37061
    9.50   43.50   0.28763
   10.50   43.50   0.21607
   11.50   43.50   0.16827
   12.50   43.50   0.35654
   13.50   43.50   0.56827
   14.50   43.50   0.90403
   15.50   43.50   1.07960
   16.50   43.50   1.58145
   17.50   43.50   1.69934
   18.50   43.50   1.76193
   19.50   43.50   1.62797
   20.50   43.50   1.55516
   21.50   43.50   1.16273
   22.50   43.50   1.01498
   23.50   43.50   0.91307
   24.50   43.50   0.83364
   25.50   43.50   1.06305
   26.50   43.50   1.71628
   27.50   43.50   3.64486
   28.50   43.50   5.21535
   29.50   43.50   6.64359
   30.50   43.50   7.89679
   31.50   43.50   7.60596
   32.50   43.50   5.30608
   33.50   43.50   3.62095
   34.50   43.50   2.64992
   35.50   43.50   1.38816
   36.50   43.50   1.17443
   37.50   43.50   1.08079
   38.50   43.50   1.12966
   39.50   43.50   1.07011
   40.50   43.50   1.18362
   41.50   43.50   0.94277
   42.50   43.50   0.97768
   43.50   43.50   1.05255
   44.50   43.50   1.10616
   45.50   43.50   1.15500
   46.50   43.50   1.44388
   47.50   43.50   1.58336
   48.50   43.50   1.71841
   49.50   43.50   1.94318
    0.50   44.50   1.93550
    1.50   44.50   1.79108
    2.50   44.50   1.70144
    3.50   44.50   1.22945
    4.50   44.50   1.00497
    5.50   44.50   0.92219
    6.50   44.50   0.81155
    7.50   44.50   0.56899
    8.50   44.50   0.45298
    9.50   44.50   0.38601
   10.50   44.50   0.25436
   11.50   44.50   0.16270
   12.50   44.50   0.30028
   13.50   44.50   0.44459
   14.50   44.50   0.69905
   15.50   44.50   0.85909
   16.50   44.50   1.27592
   17.50   44.50   1.37861
   18.50   44.50   1.40102
   19.50   44.50   1.38019
   20.50   44.50   1.33058
   21.50   44.50   1.01609
   22.50   44.50   0.92627
   23.50   44.50   0.89805
   24.50   44.50   0.81794
   25.50   44.50   0.94381
   26.50   44.50   1.44557
   27.50   44.50   2.39677
   28.50   44.50   3.68545
   29.50   44.50   5.58156
   30.50   44.50   7.30055
   31.50   44.50   7.47097
   32.50   44.50   6.61148
   33.50   44.50   4.81113
   34.50   44.50   3.34366
   35.50   44.50   2.35749
   36.50   44.50   2.07291
   37.50   44.50   2.06440
   38.50   44.50   1.99029
   39.50   44.50   1.79563
   40.50   44.50   1.53128
   41.50   44.50   1.24053
   42.50   44.50   1.15629
   43.50   44.50   1.30512
   44.50   44.50   1.42720
   45.50   44.50   1.60061
   46.50   44.50   1.93805
   47.50   44.50   2.18265
   48.50   44.50   2.26560
   49.50   44.50   2.50204
    0.50   45.50   1.67438
    1.50   45.50   1.67644
    2.50   45.50   1.60254
    3.50   45.50   1.33209
    4.50   45.50   1.19422
    5.50   45.50   1.07129
    6.50   45.50   0.94485
    7.50   45.50   0.74473
    8.50   45.50   0.60386
    9.50   45.50   0.51055
   10.50   45.50   0.37122
   11.50   45.50   0.26650
   12.50   45.50   0.33588
   13.50   45.50   0.40467
   14.50   45.50   0.56045
   15.50   45.50   0.69986
   16.50   45.50   0.94589
   17.50   45.50   1.02735
   18.50   45.50   1.09038
   19.50   45.50   1.08198
   20.50   45.50   1.04331
   21.50   45.50   0.81886
   22.50   45.50   0.77144
   23.50   45.50   0.75756
   24.50   45.50   0.71707
   25.50   45.50   0.83830
   26.50   45.50   1.27881
   27.50   45.50   2.08434
   28.50   45.50   3.31033
   29.50   45.50   5.54010
   30.50   45.50   7.38445
   31.50   45.50   8.33591
   32.50   45.50   8.00061
   33.50   45.50   6.45668
   34.50   45.50   4.76741
   35.50   45.50   3.27766
   36.50   45.50   2.51380
   37.50   45.50   2.56999
   38.50   45.50   2.48651
   39.50   45.50   2.54162
   40.50   45.50   2.26231
   41.50   45.50   1.97176
   42.50   45.50   1.76414
   43.50   45.50   2.87347
   44.50   45.50   2.83873
   45.50   45.50   3.14711
   46.50   45.50   3.53597
   47.50   45.50   3.95994
   48.50   45.50   3.10002
   49.50   45.50   3.39146
    0.50   46.50   1.56075
    1.50   46.50   1.68057
    2.50   46.50   1.72269
    3.50   46.50   1.59099
    4.50   46.50   1.57388
    5.50   46.50   1.49550
    6.50   46.50   1.50790
    7.50   46.50   1.24751
    8.50   46.50   1.05371
    9.50   46.50   0.91509
   10.50   46.50   0.67104
   11.50   46.50   0.34558
   12.50   46.50   0.42038
   13.50   46.50   0.46532
   14.50   46.50   0.54356
   15.50   46.50   0.64995
   16.50   46.50   0.70884
   17.50   46.50   0.76795
   18.50   46.50   0.81246
   19.50   46.50   0.83550
   20.50   46.50   0.77845
   21.50   46.50   0.71872
   22.50   46.50   0.66005
   23.50   46.50   0.63309
   24.50   46.50   0.57616
   25.50   46.50   0.61351
   26.50   46.50   1.12592
   27.50   46.50   1.77754
   28.50   46.50   3.21419
   29.50   46.50   5.49938
   30.50   46.50   8.58213
   31.50   46.50  10.21777
   32.50   46.50   9.91507
   33.50   46.50   8.21991
   34.50   46.50   6.74239
   35.50   46.50   4.24860
   36.50   46.50   3.08272
   37.50   46.50   3.59736
   38.50   46.50   3.30374
   39.50   46.50   3.41237
   40.50   46.50   3.15911
   41.50   46.50   3.00435
   42.50   46.50   2.36809
   43.50   46.50   3.69368
   44.50   46.50   3.65290
   45.50   46.50   4.17222
   46.50   46.50   4.38699
   47.50   46.50   5.06093
   48.50   46.50   3.77815
   49.50   46.50   4.05804
    0.50   47.50   1.73346
    1.50   47.50   1.92279
    2.50   47.50   2.07575
    3.50   47.50   2.50595
    4.50   47.50   2.84857
    5.50   47.50   2.77624
    6.50   47.50   2.68492
    7.50   47.50   2.28549
    8.50   47.50   1.65600
    9.50   47.50   1.14099
   10.50   47.50   0.81338
   11.50   47.50   0.47318
   12.50   47.50   0.51122
   13.50   47.50   0.53660
   14.50   47.50   0.59724
   15.50   47.50   0.68936
   16.50   47.50   0.69016
   17.50   47.50   0.68295
   18.50   47.50   0.64225
   19.50   47.50   0.65072
   20.50   47.50   0.59284
   21.50   47.50   0.53730
   22.50   47.50   0.48905
   23.50   47.50   0.50379
   24.50   47.50   0.47384
   25.50   47.50   0.56970
   26.50   47.50   1.09158
   27.50   47.50   2.08721
   28.50   47.50   3.83973
   29.50   47.50   6.11989
   30.50   47.50   9.63699
   31.50   47.50  11.93982
   32.50   47.50  14.39854
   33.50   47.50  11.46609
   34.50   47.50   9.38023
   35.50   47.50   6.91582
   36.50   47.50   5.75525
   37.50   47.50   5.14537
   38.50   47.50   4.32813
   39.50   47.50   4.30507
   40.50   47.50   4.19373
   41.50   47.50   4.20458
   42.50   47.50   2.89877
   43.50   47.50   4.31657
   44.50   47.50   4.84079
   45.50   47.50   5.02806
   46.50   47.50   4.85578
   47.50   47.50   5.56074
   48.50   47.50   4.25977
   49.50   47.50   4.01818
    0.50   48.50   1.79791
    1.50   48.50   2.01180
    2.50   48.50   2.19508
    3.50   48.50   2.80957
    4.50   48.50   3.18336
    5.50   48.50   3.06559
    6.50   48.50   3.03746
    7.50   48.50   2.70275
    8.50   48.50   1.99831
    9.50   48.50   1.31702
   10.50   48.50   0.91610
   11.50   48.50   0.55268
   12.50   48.50   0.57042
   13.50   48.50   0.57114
   14.50   48.50   0.60534
   15.50   48.50   0.70966
   16.50   48.50   0.68375
   17.50   48.50   0.63385
   18.50   48.50   0.56187
   19.50   48.50   0.52076
   20.50   48.50   0.45362
   21.50   48.50   0.40530
   22.50   48.50   0.35166
   23.50   48.50   0.38663
   24.50   48.50   0.41031
   25.50   48.50   0.48972
   26.50   48.50   1.15757
   27.50   48.50   2.31247
   28.50   48.50   4.88608
   29.50   48.50   7.10135
   30.50   48.50  12.88314
   31.50   48.50  16.22689
   32.50   48.50  19.15592
   33.50   48.50  15.40845
   34.50   48.50  12.11150
   35.50   48.50   8.05393
   36.50   48.50   6.39730
   37.50   48.50   5.71060
   38.50   48.50   4.62803
   39.50   48.50   4.87087
   40.50   48.50   4.65516
   41.50   48.50   5.18008
   42.50   48.50   3.28414
   43.50   48.50   5.40066
   44.50   48.50   5.91854
   45.50   48.50   6.06796
   46.50   48.50   5.47929
   47.50   48.50   6.19990
   48.50   48.50   4.61460
   49.50   48.50   4.11946
    0.50   49.50   1.74651
    1.50   49.50   2.09009
    2.50   49.50   2.29891
    3.50   49.50   3.14115
    4.50   49.50   3.97915
    5.50   49.50   3.83080
    6.50   49.50   3.79553
    7.50   49.50   3.23297
    8.50   49.50   2.38955
    9.50   49.50   1.51863
   10.50   49.50   1.05488
   11.50   49.50   0.65150
   12.50   49.50   0.65227
   13.50   49.50   0.62325
   14.50   49.50   0.67183
   15.50   49.50   0.74558
   16.50   49.50   0.72287
   17.50   49.50   0.67262
   18.50   49.50   0.58483
   19.50   49.50   0.52144
   20.50   49.50   0.40592
   21.50   49.50   0.30751
   22.50   49.50   0.21670
   23.50   49.50   0.24398
   24.50   49.50   0.30088
   25.50   49.50   0.45427
   26.50   49.50   1.13092
   27.50   49.50   2.58645
   28.50   49.50   4.47245
   29.50   49.50   6.77617
   30.50   49.50  13.33120
   31.50   49.50  17.78250
   32.50   49.50  23.62068
   33.50   49.50  20.98187
   34.50   49.50  15.80028
   35.50   49.50   8.64690
   36.50   49.50   6.57976
   37.50   49.50   5.73282
   38.50   49.50   4.54874
   39.50   49.50   5.28763
   40.50   49.50   5.84718
   41.50   49.50   6.54843
   42.50   49.50   4.12990
   43.50   49.50   6.81040
   44.50   49.50   7.25953
   45.50   49.50   7.14005
   46.50   49.50   6.48690
   47.50   49.50   7.06321
   48.50   49.50   5.04444
   49.50   49.50   4.23750
