Exhaustive data set: Negative skewness distribution
3
X
Y
Zneg
    0.50    0.50  48.26508
    1.50    0.50  47.95495
    2.50    0.50  49.26448
    3.50    0.50  51.35415
    4.50    0.50  52.65845
    5.50    0.50  53.69105
    6.50    0.50  53.89548
    7.50    0.50  54.02914
    8.50    0.50  54.15756
    9.50    0.50  54.13048
   10.50    0.50  53.88849
   11.50    0.50  53.88325
   12.50    0.50  53.99769
   13.50    0.50  53.75745
   14.50    0.50  53.57487
   15.50    0.50  53.43509
   16.50    0.50  53.43596
   17.50    0.50  53.43247
   18.50    0.50  53.43509
   19.50    0.50  53.44120
   20.50    0.50  53.45256
   21.50    0.50  53.57487
   22.50    0.50  53.73474
   23.50    0.50  53.72250
   24.50    0.50  53.35035
   25.50    0.50  52.74406
   26.50    0.50  51.79271
   27.50    0.50  49.91008
   28.50    0.50  49.40514
   29.50    0.50  49.31515
   30.50    0.50  51.12352
   31.50    0.50  52.72222
   32.50    0.50  53.70066
   33.50    0.50  54.08330
   34.50    0.50  55.06349
   35.50    0.50  54.81364
   36.50    0.50  54.19687
   37.50    0.50  52.03120
   38.50    0.50  50.46133
   39.50    0.50  49.48813
   40.50    0.50  50.06908
   41.50    0.50  51.58828
   42.50    0.50  52.63486
   43.50    0.50  53.46741
   44.50    0.50  53.57137
   45.50    0.50  53.57399
   46.50    0.50  53.55302
   47.50    0.50  53.35297
   48.50    0.50  53.02362
   49.50    0.50  52.78163
    0.50    1.50  48.14889
    1.50    1.50  47.83876
    2.50    1.50  49.01114
    3.50    1.50  50.68759
    4.50    1.50  51.99189
    5.50    1.50  53.02537
    6.50    1.50  53.50061
    7.50    1.50  53.70940
    8.50    1.50  53.83782
    9.50    1.50  53.95576
   10.50    1.50  53.98371
   11.50    1.50  53.97847
   12.50    1.50  54.09291
   13.50    1.50  54.36635
   14.50    1.50  54.25104
   15.50    1.50  54.11213
   16.50    1.50  54.11912
   17.50    1.50  54.12524
   18.50    1.50  54.12786
   19.50    1.50  54.13397
   20.50    1.50  54.14446
   21.50    1.50  54.26676
   22.50    1.50  54.42663
   23.50    1.50  54.71405
   24.50    1.50  54.58650
   25.50    1.50  53.98022
   26.50    1.50  53.13893
   27.50    1.50  52.08624
   28.50    1.50  51.58042
   29.50    1.50  51.49131
   30.50    1.50  52.62263
   31.50    1.50  53.85704
   32.50    1.50  54.83461
   33.50    1.50  54.95167
   34.50    1.50  54.97176
   35.50    1.50  54.72191
   36.50    1.50  54.10514
   37.50    1.50  52.60429
   38.50    1.50  51.25631
   39.50    1.50  50.28311
   40.50    1.50  50.47967
   41.50    1.50  51.16982
   42.50    1.50  52.21641
   43.50    1.50  53.04895
   44.50    1.50  53.55739
   45.50    1.50  53.63078
   46.50    1.50  53.60981
   47.50    1.50  53.52332
   48.50    1.50  53.35297
   49.50    1.50  53.11098
    0.50    2.50  48.19694
    1.50    2.50  47.62123
    2.50    2.50  48.79361
    3.50    2.50  50.36785
    4.50    2.50  51.49917
    5.50    2.50  52.53178
    6.50    2.50  53.00789
    7.50    2.50  53.61592
    8.50    2.50  53.89024
    9.50    2.50  54.00817
   10.50    2.50  54.06234
   11.50    2.50  53.86053
   12.50    2.50  53.97498
   13.50    2.50  54.24929
   14.50    2.50  54.43100
   15.50    2.50  54.33578
   16.50    2.50  54.34364
   17.50    2.50  54.44410
   18.50    2.50  54.66251
   19.50    2.50  54.66862
   20.50    2.50  54.67911
   21.50    2.50  54.25541
   22.50    2.50  54.38120
   23.50    2.50  54.66775
   24.50    2.50  54.98574
   25.50    2.50  54.86955
   26.50    2.50  54.02827
   27.50    2.50  53.05419
   28.50    2.50  52.71174
   29.50    2.50  52.62263
   30.50    2.50  53.75483
   31.50    2.50  54.63542
   32.50    2.50  55.46011
   33.50    2.50  55.57717
   34.50    2.50  55.39197
   35.50    2.50  55.09057
   36.50    2.50  54.47381
   37.50    2.50  52.97382
   38.50    2.50  51.85124
   39.50    2.50  50.91910
   40.50    2.50  51.11566
   41.50    2.50  51.49044
   42.50    2.50  51.84337
   43.50    2.50  52.67680
   44.50    2.50  53.18436
   45.50    2.50  53.47615
   46.50    2.50  53.49537
   47.50    2.50  53.40801
   48.50    2.50  53.30579
   49.50    2.50  53.12583
    0.50    3.50  48.94300
    1.50    3.50  47.89991
    2.50    3.50  48.53502
    3.50    3.50  50.10926
    4.50    3.50  51.20040
    5.50    3.50  52.10808
    6.50    3.50  52.58419
    7.50    3.50  53.19222
    8.50    3.50  53.88587
    9.50    3.50  54.20910
   10.50    3.50  54.26327
   11.50    3.50  53.98109
   12.50    3.50  53.77317
   13.50    3.50  54.04661
   14.50    3.50  54.22920
   15.50    3.50  54.37334
   16.50    3.50  54.38645
   17.50    3.50  54.48691
   18.50    3.50  54.84684
   19.50    3.50  55.14037
   20.50    3.50  55.15085
   21.50    3.50  54.72715
   22.50    3.50  54.15581
   23.50    3.50  54.32617
   24.50    3.50  54.64503
   25.50    3.50  55.01806
   26.50    3.50  54.77957
   27.50    3.50  53.80462
   28.50    3.50  53.46828
   29.50    3.50  53.33637
   30.50    3.50  54.46857
   31.50    3.50  55.34916
   32.50    3.50  55.94147
   33.50    3.50  56.00000
   34.50    3.50  55.81392
   35.50    3.50  55.50379
   36.50    3.50  55.02767
   37.50    3.50  53.52682
   38.50    3.50  52.40510
   39.50    3.50  51.56994
   40.50    3.50  51.68787
   41.50    3.50  52.06265
   42.50    3.50  52.17360
   43.50    3.50  52.32211
   44.50    3.50  52.82968
   45.50    3.50  53.12146
   46.50    3.50  53.30841
   47.50    3.50  53.22455
   48.50    3.50  53.12146
   49.50    3.50  52.97819
    0.50    4.50  50.81863
    1.50    4.50  49.77467
    2.50    4.50  49.10724
    3.50    4.50  49.75021
    4.50    4.50  50.84135
    5.50    4.50  51.76475
    6.50    4.50  52.33347
    7.50    4.50  52.94150
    8.50    4.50  53.63602
    9.50    4.50  54.52186
   10.50    4.50  54.83723
   11.50    4.50  54.55418
   12.50    4.50  54.09903
   13.50    4.50  53.63165
   14.50    4.50  53.81336
   15.50    4.50  53.95838
   16.50    4.50  53.97498
   17.50    4.50  54.07632
   18.50    4.50  54.43712
   19.50    4.50  54.98399
   20.50    4.50  55.46448
   21.50    4.50  55.04078
   22.50    4.50  54.47031
   23.50    4.50  53.40975
   24.50    4.50  53.56526
   25.50    4.50  53.93829
   26.50    4.50  54.36723
   27.50    4.50  54.20998
   28.50    4.50  53.87277
   29.50    4.50  53.72862
   30.50    4.50  54.14970
   31.50    4.50  55.01894
   32.50    4.50  55.61124
   33.50    4.50  55.80344
   34.50    4.50  55.72743
   35.50    4.50  55.41730
   36.50    4.50  55.06961
   37.50    4.50  54.54020
   38.50    4.50  53.41849
   39.50    4.50  52.58332
   40.50    4.50  52.31075
   41.50    4.50  52.47499
   42.50    4.50  52.58594
   43.50    4.50  52.57808
   44.50    4.50  52.52042
   45.50    4.50  52.81221
   46.50    4.50  52.99916
   47.50    4.50  52.88035
   48.50    4.50  52.76590
   49.50    4.50  52.62263
    0.50    5.50  51.99888
    1.50    5.50  51.18380
    2.50    5.50  50.69109
    3.50    5.50  50.21846
    4.50    5.50  51.30873
    5.50    5.50  51.53412
    6.50    5.50  52.11507
    7.50    5.50  52.76416
    8.50    5.50  53.40276
    9.50    5.50  54.27113
   10.50    5.50  54.99885
   11.50    5.50  54.71580
   12.50    5.50  54.47555
   13.50    5.50  53.79327
   14.50    5.50  53.69542
   15.50    5.50  53.87539
   16.50    5.50  53.89373
   17.50    5.50  53.99856
   18.50    5.50  54.34713
   19.50    5.50  54.79180
   20.50    5.50  55.50117
   21.50    5.50  55.21113
   22.50    5.50  54.70881
   23.50    5.50  53.64825
   24.50    5.50  53.10661
   25.50    5.50  53.38354
   26.50    5.50  53.58622
   27.50    5.50  54.04661
   28.50    5.50  53.83345
   29.50    5.50  54.01604
   30.50    5.50  54.43799
   31.50    5.50  54.93857
   32.50    5.50  55.39459
   33.50    5.50  55.45050
   34.50    5.50  55.49680
   35.50    5.50  55.18667
   36.50    5.50  54.98487
   37.50    5.50  54.54806
   38.50    5.50  53.88412
   39.50    5.50  53.24464
   40.50    5.50  53.05594
   41.50    5.50  52.91966
   42.50    5.50  53.03061
   43.50    5.50  52.87947
   44.50    5.50  52.68990
   45.50    5.50  52.75280
   46.50    5.50  52.79473
   47.50    5.50  52.66020
   48.50    5.50  52.52304
   49.50    5.50  52.37715
    0.50    6.50  52.74144
    1.50    6.50  52.47849
    2.50    6.50  51.98577
    3.50    6.50  51.51315
    4.50    6.50  51.41531
    5.50    6.50  51.43103
    6.50    6.50  52.01198
    7.50    6.50  52.59992
    8.50    6.50  53.15204
    9.50    6.50  54.02128
   10.50    6.50  54.74899
   11.50    6.50  54.87392
   12.50    6.50  54.65464
   13.50    6.50  53.97323
   14.50    6.50  53.91295
   15.50    6.50  54.12873
   16.50    6.50  54.14708
   17.50    6.50  54.23269
   18.50    6.50  54.37247
   19.50    6.50  54.81714
   20.50    6.50  55.52738
   21.50    6.50  55.32121
   22.50    6.50  54.87217
   23.50    6.50  53.81161
   24.50    6.50  53.15204
   25.50    6.50  52.90044
   26.50    6.50  53.10312
   27.50    6.50  53.56351
   28.50    6.50  53.81860
   29.50    6.50  54.18726
   30.50    6.50  54.60834
   31.50    6.50  54.95429
   32.50    6.50  55.01894
   33.50    6.50  55.07485
   34.50    6.50  55.12115
   35.50    6.50  55.05039
   36.50    6.50  54.90362
   37.50    6.50  54.46594
   38.50    6.50  54.01691
   39.50    6.50  53.72163
   40.50    6.50  53.53293
   41.50    6.50  53.39665
   42.50    6.50  53.24464
   43.50    6.50  53.06905
   44.50    6.50  52.87947
   45.50    6.50  52.78774
   46.50    6.50  52.66369
   47.50    6.50  52.52916
   48.50    6.50  52.38588
   49.50    6.50  52.12555
    0.50    7.50  53.55215
    1.50    7.50  53.28920
    2.50    7.50  52.79735
    3.50    7.50  51.78572
    4.50    7.50  51.52451
    5.50    7.50  51.54023
    6.50    7.50  51.94035
    7.50    7.50  52.35007
    8.50    7.50  52.90306
    9.50    7.50  53.77230
   10.50    7.50  54.59174
   11.50    7.50  54.72453
   12.50    7.50  54.50613
   13.50    7.50  54.44847
   14.50    7.50  54.72279
   15.50    7.50  54.93769
   16.50    7.50  54.90275
   17.50    7.50  54.62057
   18.50    7.50  54.76035
   19.50    7.50  55.20589
   20.50    7.50  55.62522
   21.50    7.50  55.36052
   22.50    7.50  54.91061
   23.50    7.50  53.87189
   24.50    7.50  53.16602
   25.50    7.50  52.91354
   26.50    7.50  53.11622
   27.50    7.50  53.44470
   28.50    7.50  53.79501
   29.50    7.50  54.16193
   30.50    7.50  54.47031
   31.50    7.50  54.54195
   32.50    7.50  54.60660
   33.50    7.50  54.66251
   34.50    7.50  54.99972
   35.50    7.50  54.97264
   36.50    7.50  54.82587
   37.50    7.50  54.39606
   38.50    7.50  54.04661
   39.50    7.50  53.75221
   40.50    7.50  53.56263
   41.50    7.50  53.41499
   42.50    7.50  53.24901
   43.50    7.50  53.07254
   44.50    7.50  52.92490
   45.50    7.50  52.80522
   46.50    7.50  52.68204
   47.50    7.50  52.53178
   48.50    7.50  52.22165
   49.50    7.50  51.96131
    0.50    8.50  54.21085
    1.50    8.50  53.94790
    2.50    8.50  52.94674
    3.50    8.50  51.88793
    4.50    8.50  51.62759
    5.50    8.50  51.53761
    6.50    8.50  51.72981
    7.50    8.50  52.13953
    8.50    8.50  52.68990
    9.50    8.50  53.58098
   10.50    8.50  54.40130
   11.50    8.50  54.53321
   12.50    8.50  54.87392
   13.50    8.50  55.28976
   14.50    8.50  55.56407
   15.50    8.50  55.73006
   16.50    8.50  55.30636
   17.50    8.50  55.02418
   18.50    8.50  55.16483
   19.50    8.50  55.36052
   20.50    8.50  55.63745
   21.50    8.50  55.37275
   22.50    8.50  54.93682
   23.50    8.50  53.97236
   24.50    8.50  53.26648
   25.50    8.50  53.01488
   26.50    8.50  53.13457
   27.50    8.50  53.42460
   28.50    8.50  53.77405
   29.50    8.50  54.00119
   30.50    8.50  54.07806
   31.50    8.50  54.14970
   32.50    8.50  54.21435
   33.50    8.50  54.50176
   34.50    8.50  54.87916
   35.50    8.50  54.85208
   36.50    8.50  54.74113
   37.50    8.50  54.32093
   38.50    8.50  53.97236
   39.50    8.50  53.68232
   40.50    8.50  53.56438
   41.50    8.50  53.41674
   42.50    8.50  53.25076
   43.50    8.50  53.10923
   44.50    8.50  52.99741
   45.50    8.50  52.87773
   46.50    8.50  52.75280
   47.50    8.50  52.43743
   48.50    8.50  52.12817
   49.50    8.50  51.86696
    0.50    9.50  54.59000
    1.50    9.50  53.82996
    2.50    9.50  52.80260
    3.50    9.50  51.74378
    4.50    9.50  51.55072
    5.50    9.50  51.52451
    6.50    9.50  51.71670
    7.50    9.50  52.12206
    8.50    9.50  52.61652
    9.50    9.50  53.50847
   10.50    9.50  54.32791
   11.50    9.50  54.77870
   12.50    9.50  55.31684
   13.50    9.50  55.73268
   14.50    9.50  55.94671
   15.50    9.50  55.84799
   16.50    9.50  55.42429
   17.50    9.50  55.14212
   18.50    9.50  55.20414
   19.50    9.50  55.36926
   20.50    9.50  55.64706
   21.50    9.50  55.39022
   22.50    9.50  54.97526
   23.50    9.50  54.01080
   24.50    9.50  53.30492
   25.50    9.50  53.18087
   26.50    9.50  53.32851
   27.50    9.50  53.61855
   28.50    9.50  53.79589
   29.50    9.50  53.74697
   30.50    9.50  53.82384
   31.50    9.50  53.89548
   32.50    9.50  53.88150
   33.50    9.50  54.16193
   34.50    9.50  54.53845
   35.50    9.50  54.60223
   36.50    9.50  54.58825
   37.50    9.50  54.16804
   38.50    9.50  53.83520
   39.50    9.50  53.85791
   40.50    9.50  53.73910
   41.50    9.50  53.59234
   42.50    9.50  53.43684
   43.50    9.50  53.30317
   44.50    9.50  53.19222
   45.50    9.50  53.06905
   46.50    9.50  52.92665
   47.50    9.50  52.61215
   48.50    9.50  52.30202
   49.50    9.50  52.04256
    0.50   10.50  54.30695
    1.50   10.50  53.53730
    2.50   10.50  52.50994
    3.50   10.50  51.79008
    4.50   10.50  51.65642
    5.50   10.50  51.62934
    6.50   10.50  51.80406
    7.50   10.50  52.11943
    8.50   10.50  52.61477
    9.50   10.50  53.50585
   10.50   10.50  54.35150
   11.50   10.50  54.98225
   12.50   10.50  55.52039
   13.50   10.50  55.89517
   14.50   10.50  55.89342
   15.50   10.50  55.79383
   16.50   10.50  55.37013
   17.50   10.50  55.17619
   18.50   10.50  55.21113
   19.50   10.50  55.37624
   20.50   10.50  55.64095
   21.50   10.50  55.39110
   22.50   10.50  54.97613
   23.50   10.50  54.01167
   24.50   10.50  53.60457
   25.50   10.50  53.50410
   26.50   10.50  53.65262
   27.50   10.50  53.71639
   28.50   10.50  53.62466
   29.50   10.50  53.57487
   30.50   10.50  53.65262
   31.50   10.50  53.42810
   32.50   10.50  53.40975
   33.50   10.50  53.69018
   34.50   10.50  54.24842
   35.50   10.50  54.40305
   36.50   10.50  54.38907
   37.50   10.50  54.02128
   38.50   10.50  54.11475
   39.50   10.50  54.13747
   40.50   10.50  54.01866
   41.50   10.50  53.85355
   42.50   10.50  53.70503
   43.50   10.50  53.57137
   44.50   10.50  53.48838
   45.50   10.50  53.40451
   46.50   10.50  53.26124
   47.50   10.50  52.94674
   48.50   10.50  52.76066
   49.50   10.50  52.50120
    0.50   11.50  53.86665
    1.50   11.50  53.09700
    2.50   11.50  52.45665
    3.50   11.50  52.01285
    4.50   11.50  51.87919
    5.50   11.50  51.82852
    6.50   11.50  51.87220
    7.50   11.50  52.18845
    8.50   11.50  52.68379
    9.50   11.50  53.50410
   10.50   11.50  54.31743
   11.50   11.50  54.94818
   12.50   11.50  55.43827
   13.50   11.50  55.66978
   14.50   11.50  55.66803
   15.50   11.50  55.56844
   16.50   11.50  55.32557
   17.50   11.50  55.18056
   18.50   11.50  55.21637
   19.50   11.50  55.36663
   20.50   11.50  55.60426
   21.50   11.50  55.35528
   22.50   11.50  54.93944
   23.50   11.50  54.40741
   24.50   11.50  54.05797
   25.50   11.50  53.95663
   26.50   11.50  53.86141
   27.50   11.50  53.62641
   28.50   11.50  53.53468
   29.50   11.50  53.47702
   30.50   11.50  53.05769
   31.50   11.50  52.82444
   32.50   11.50  52.80696
   33.50   11.50  53.28308
   34.50   11.50  54.00293
   35.50   11.50  54.15756
   36.50   11.50  54.21697
   37.50   11.50  54.40479
   38.50   11.50  54.49827
   39.50   11.50  54.52098
   40.50   11.50  54.37509
   41.50   11.50  54.19338
   42.50   11.50  54.04574
   43.50   11.50  53.94615
   44.50   11.50  53.98371
   45.50   11.50  53.89985
   46.50   11.50  53.75658
   47.50   11.50  53.62728
   48.50   11.50  53.50323
   49.50   11.50  53.24377
    0.50   12.50  53.54079
    1.50   12.50  53.13369
    2.50   12.50  52.73183
    3.50   12.50  52.28804
    4.50   12.50  52.13341
    5.50   12.50  51.98665
    6.50   12.50  52.03033
    7.50   12.50  52.34657
    8.50   12.50  52.70825
    9.50   12.50  53.49013
   10.50   12.50  54.30258
   11.50   12.50  54.68959
   12.50   12.50  54.67561
   13.50   12.50  54.90624
   14.50   12.50  54.90450
   15.50   12.50  55.23472
   16.50   12.50  55.03903
   17.50   12.50  54.89489
   18.50   12.50  55.02855
   19.50   12.50  55.28714
   20.50   12.50  55.52476
   21.50   12.50  55.27578
   22.50   12.50  55.11241
   23.50   12.50  54.62057
   24.50   12.50  54.27113
   25.50   12.50  54.10078
   26.50   12.50  53.86490
   27.50   12.50  53.63078
   28.50   12.50  53.52420
   29.50   12.50  53.16078
   30.50   12.50  52.74144
   31.50   12.50  52.50906
   32.50   12.50  52.43131
   33.50   12.50  52.94237
   34.50   12.50  53.66223
   35.50   12.50  53.89024
   36.50   12.50  54.38994
   37.50   12.50  54.57777
   38.50   12.50  54.67124
   39.50   12.50  54.79529
   40.50   12.50  54.66425
   41.50   12.50  54.48342
   42.50   12.50  54.32180
   43.50   12.50  54.21522
   44.50   12.50  54.25366
   45.50   12.50  54.16979
   46.50   12.50  54.27987
   47.50   12.50  54.20823
   48.50   12.50  54.08418
   49.50   12.50  53.89373
    0.50   13.50  53.54516
    1.50   13.50  53.34423
    2.50   13.50  52.94150
    3.50   13.50  52.57808
    4.50   13.50  52.33871
    5.50   13.50  52.19194
    6.50   13.50  52.23562
    7.50   13.50  52.43131
    8.50   13.50  52.74581
    9.50   13.50  53.52856
   10.50   13.50  54.16717
   11.50   13.50  53.96624
   12.50   13.50  53.95226
   13.50   13.50  54.18290
   14.50   13.50  54.28511
   15.50   13.50  54.69570
   16.50   13.50  54.49914
   17.50   13.50  54.55593
   18.50   13.50  54.83985
   19.50   13.50  55.09844
   20.50   13.50  55.33606
   21.50   13.50  55.37712
   22.50   13.50  55.22686
   23.50   13.50  54.73502
   24.50   13.50  54.33840
   25.50   13.50  54.09990
   26.50   13.50  53.86316
   27.50   13.50  53.65000
   28.50   13.50  53.33113
   29.50   13.50  52.96858
   30.50   13.50  52.54838
   31.50   13.50  52.26271
   32.50   13.50  52.14564
   33.50   13.50  52.65670
   34.50   13.50  53.29094
   35.50   13.50  53.91994
   36.50   13.50  54.41964
   37.50   13.50  54.60747
   38.50   13.50  54.84160
   39.50   13.50  55.00758
   40.50   13.50  54.87654
   41.50   13.50  54.74637
   42.50   13.50  54.54544
   43.50   13.50  54.43886
   44.50   13.50  54.47643
   45.50   13.50  54.55942
   46.50   13.50  54.72890
   47.50   13.50  54.65726
   48.50   13.50  54.64241
   49.50   13.50  54.57427
    0.50   14.50  53.38005
    1.50   14.50  53.17912
    2.50   14.50  52.90481
    3.50   14.50  52.92665
    4.50   14.50  52.68641
    5.50   14.50  52.53964
    6.50   14.50  52.53178
    7.50   14.50  52.71436
    8.50   14.50  53.02886
    9.50   14.50  53.71639
   10.50   14.50  54.18028
   11.50   14.50  53.98022
   12.50   14.50  53.96537
   13.50   14.50  52.84540
   14.50   14.50  52.76940
   15.50   14.50  53.17912
   16.50   14.50  53.35384
   17.50   14.50  53.86316
   18.50   14.50  54.14620
   19.50   14.50  54.41440
   20.50   14.50  55.18754
   21.50   14.50  55.23821
   22.50   14.50  55.08708
   23.50   14.50  54.60572
   24.50   14.50  54.21609
   25.50   14.50  53.97760
   26.50   14.50  53.77143
   27.50   14.50  53.78540
   28.50   14.50  53.46654
   29.50   14.50  53.10312
   30.50   14.50  52.65234
   31.50   14.50  52.34919
   32.50   14.50  52.23300
   33.50   14.50  52.62176
   34.50   14.50  52.81657
   35.50   14.50  53.44557
   36.50   14.50  53.94527
   37.50   14.50  54.39693
   38.50   14.50  54.71842
   39.50   14.50  54.88528
   40.50   14.50  54.86169
   41.50   14.50  54.96390
   42.50   14.50  54.76297
   43.50   14.50  54.65639
   44.50   14.50  54.47031
   45.50   14.50  54.51312
   46.50   14.50  54.68260
   47.50   14.50  54.77782
   48.50   14.50  54.99622
   49.50   14.50  54.92808
    0.50   15.50  53.30841
    1.50   15.50  53.11098
    2.50   15.50  53.09351
    3.50   15.50  53.09962
    4.50   15.50  52.73009
    5.50   15.50  52.56235
    6.50   15.50  52.54313
    7.50   15.50  52.94849
    8.50   15.50  53.26386
    9.50   15.50  53.81685
   10.50   15.50  54.27113
   11.50   15.50  54.05011
   12.50   15.50  53.39840
   13.50   15.50  52.15088
   14.50   15.50  51.59265
   15.50   15.50  52.00237
   16.50   15.50  52.58769
   17.50   15.50  53.24988
   18.50   15.50  53.68669
   19.50   15.50  54.23182
   20.50   15.50  55.00496
   21.50   15.50  55.12639
   22.50   15.50  54.97701
   23.50   15.50  54.50264
   24.50   15.50  54.19949
   25.50   15.50  53.99769
   26.50   15.50  53.91994
   27.50   15.50  53.93304
   28.50   15.50  53.53555
   29.50   15.50  53.16427
   30.50   15.50  52.69864
   31.50   15.50  52.29590
   32.50   15.50  52.16836
   33.50   15.50  52.27668
   34.50   15.50  52.46975
   35.50   15.50  53.05332
   36.50   15.50  53.65262
   37.50   15.50  54.18028
   38.50   15.50  54.46420
   39.50   15.50  54.63018
   40.50   15.50  54.77695
   41.50   15.50  54.91760
   42.50   15.50  54.83985
   43.50   15.50  54.63280
   44.50   15.50  54.41528
   45.50   15.50  54.49565
   46.50   15.50  54.66600
   47.50   15.50  54.96041
   48.50   15.50  55.19803
   49.50   15.50  55.15435
    0.50   16.50  53.14068
    1.50   16.50  53.12933
    2.50   16.50  53.12146
    3.50   16.50  53.12845
    4.50   16.50  52.60865
    5.50   16.50  52.30202
    6.50   16.50  52.28280
    7.50   16.50  52.72572
    8.50   16.50  53.45081
    9.50   16.50  54.00381
   10.50   16.50  54.45808
   11.50   16.50  54.20037
   12.50   16.50  53.52507
   13.50   16.50  52.27756
   14.50   16.50  51.54285
   15.50   16.50  51.16458
   16.50   16.50  51.74990
   17.50   16.50  52.41209
   18.50   16.50  53.28745
   19.50   16.50  54.00643
   20.50   16.50  54.77957
   21.50   16.50  54.94119
   22.50   16.50  54.89401
   23.50   16.50  54.41964
   24.50   16.50  54.11650
   25.50   16.50  54.11475
   26.50   16.50  54.08156
   27.50   16.50  54.09554
   28.50   16.50  53.63776
   29.50   16.50  53.16864
   30.50   16.50  52.70300
   31.50   16.50  52.30115
   32.50   16.50  51.97179
   33.50   16.50  52.06178
   34.50   16.50  52.25484
   35.50   16.50  52.79299
   36.50   16.50  53.34336
   37.50   16.50  53.87102
   38.50   16.50  54.15057
   39.50   16.50  54.24230
   40.50   16.50  54.38994
   41.50   16.50  54.52972
   42.50   16.50  54.64154
   43.50   16.50  54.56903
   44.50   16.50  54.35150
   45.50   16.50  54.44323
   46.50   16.50  54.67736
   47.50   16.50  54.97264
   48.50   16.50  55.21026
   49.50   16.50  55.22511
    0.50   17.50  53.29706
    1.50   17.50  53.28570
    2.50   17.50  53.31104
    3.50   17.50  52.40860
    4.50   17.50  51.88880
    5.50   17.50  51.53324
    6.50   17.50  51.94646
    7.50   17.50  52.75804
    8.50   17.50  53.50498
    9.50   17.50  54.11301
   10.50   17.50  54.69046
   11.50   17.50  54.43187
   12.50   17.50  53.74697
   13.50   17.50  52.27930
   14.50   17.50  51.43016
   15.50   17.50  50.90687
   16.50   17.50  51.52276
   17.50   17.50  52.47499
   18.50   17.50  53.35035
   19.50   17.50  54.17154
   20.50   17.50  54.76909
   21.50   17.50  54.88091
   22.50   17.50  54.85732
   23.50   17.50  54.48604
   24.50   17.50  54.47381
   25.50   17.50  54.47206
   26.50   17.50  54.47992
   27.50   17.50  54.06583
   28.50   17.50  53.56089
   29.50   17.50  53.06555
   30.50   17.50  52.47587
   31.50   17.50  51.87046
   32.50   17.50  51.54111
   33.50   17.50  51.59527
   34.50   17.50  52.09934
   35.50   17.50  52.63748
   36.50   17.50  53.17213
   37.50   17.50  53.48838
   38.50   17.50  53.55652
   39.50   17.50  53.64650
   40.50   17.50  53.78191
   41.50   17.50  54.17765
   42.50   17.50  54.28948
   43.50   17.50  54.27026
   44.50   17.50  54.26764
   45.50   17.50  54.49041
   46.50   17.50  54.73414
   47.50   17.50  55.01370
   48.50   17.50  55.08096
   49.50   17.50  55.09582
    0.50   18.50  53.51808
    1.50   18.50  53.50760
    2.50   18.50  52.60691
    3.50   18.50  51.61274
    4.50   18.50  51.09382
    5.50   18.50  51.18118
    6.50   18.50  52.09061
    7.50   18.50  52.90219
    8.50   18.50  53.63776
    9.50   18.50  54.34364
   10.50   18.50  54.92109
   11.50   18.50  54.66251
   12.50   18.50  53.85180
   13.50   18.50  52.21641
   14.50   18.50  51.36726
   15.50   18.50  50.82562
   16.50   18.50  51.77611
   17.50   18.50  52.72747
   18.50   18.50  53.60369
   19.50   18.50  54.22745
   20.50   18.50  54.73938
   21.50   18.50  54.85208
   22.50   18.50  54.91585
   23.50   18.50  54.89925
   24.50   18.50  54.88702
   25.50   18.50  54.88528
   26.50   18.50  54.47468
   27.50   18.50  53.93741
   28.50   18.50  53.43159
   29.50   18.50  52.84715
   30.50   18.50  52.00150
   31.50   18.50  51.39696
   32.50   18.50  51.06761
   33.50   18.50  51.44676
   34.50   18.50  51.99364
   35.50   18.50  52.53178
   36.50   18.50  52.86637
   37.50   18.50  52.90306
   38.50   18.50  52.97033
   39.50   18.50  53.05856
   40.50   18.50  53.42286
   41.50   18.50  53.82384
   42.50   18.50  53.93567
   43.50   18.50  54.10864
   44.50   18.50  54.29210
   45.50   18.50  54.51661
   46.50   18.50  54.75948
   47.50   18.50  54.85033
   48.50   18.50  54.91673
   49.50   18.50  54.93245
    0.50   19.50  53.73998
    1.50   19.50  53.11622
    2.50   19.50  52.18233
    3.50   19.50  51.18992
    4.50   19.50  51.10081
    5.50   19.50  51.59178
    6.50   19.50  52.50033
    7.50   19.50  53.29356
    8.50   19.50  53.82210
    9.50   19.50  54.52797
   10.50   19.50  55.10543
   11.50   19.50  54.99622
   12.50   19.50  54.27812
   13.50   19.50  52.64273
   14.50   19.50  51.77174
   15.50   19.50  51.13138
   16.50   19.50  52.08187
   17.50   19.50  53.03410
   18.50   19.50  53.66310
   19.50   19.50  54.18901
   20.50   19.50  54.70182
   21.50   19.50  54.89576
   22.50   19.50  55.16833
   23.50   19.50  55.15085
   24.50   19.50  55.13862
   25.50   19.50  54.80927
   26.50   19.50  54.32529
   27.50   19.50  53.78715
   28.50   19.50  53.24115
   29.50   19.50  52.59031
   30.50   19.50  51.74553
   31.50   19.50  51.14012
   32.50   19.50  51.12702
   33.50   19.50  51.53412
   34.50   19.50  52.08187
   35.50   19.50  52.45490
   36.50   19.50  52.61302
   37.50   19.50  52.65059
   38.50   19.50  52.71087
   39.50   19.50  52.66369
   40.50   19.50  53.02886
   41.50   19.50  53.42897
   42.50   19.50  53.65611
   43.50   19.50  53.91120
   44.50   19.50  54.09554
   45.50   19.50  54.31918
   46.50   19.50  54.56204
   47.50   19.50  54.65290
   48.50   19.50  54.72016
   49.50   19.50  54.14096
    0.50   20.50  53.64912
    1.50   20.50  53.01401
    2.50   20.50  52.08187
    3.50   20.50  51.03005
    4.50   20.50  51.31746
    5.50   20.50  51.80756
    6.50   20.50  52.79910
    7.50   20.50  53.75046
    8.50   20.50  54.27899
    9.50   20.50  54.98487
   10.50   20.50  55.29762
   11.50   20.50  55.27316
   12.50   20.50  54.55593
   13.50   20.50  53.11273
   14.50   20.50  52.43219
   15.50   20.50  51.79183
   16.50   20.50  52.74232
   17.50   20.50  53.28570
   18.50   20.50  53.82821
   19.50   20.50  54.35500
   20.50   20.50  54.73414
   21.50   20.50  54.99710
   22.50   20.50  55.26966
   23.50   20.50  55.25132
   24.50   20.50  55.15347
   25.50   20.50  54.76385
   26.50   20.50  54.27899
   27.50   20.50  53.64388
   28.50   20.50  53.02537
   29.50   20.50  52.37453
   30.50   20.50  51.52975
   31.50   20.50  51.16895
   32.50   20.50  51.17332
   33.50   20.50  51.58042
   34.50   20.50  52.28018
   35.50   20.50  52.48897
   36.50   20.50  52.64622
   37.50   20.50  52.66893
   38.50   20.50  52.58594
   39.50   20.50  52.53964
   40.50   20.50  52.90393
   41.50   20.50  53.03235
   42.50   20.50  53.33550
   43.50   20.50  53.59059
   44.50   20.50  53.77055
   45.50   20.50  53.98808
   46.50   20.50  54.23182
   47.50   20.50  54.32180
   48.50   20.50  54.31481
   49.50   20.50  53.49013
    0.50   21.50  53.87014
    1.50   21.50  53.23591
    2.50   21.50  52.18583
    3.50   21.50  51.05189
    4.50   21.50  51.33843
    5.50   21.50  51.93510
    6.50   21.50  53.52856
    7.50   21.50  54.47992
    8.50   21.50  55.00846
    9.50   21.50  55.30286
   10.50   21.50  55.42429
   11.50   21.50  55.40158
   12.50   21.50  54.90537
   13.50   21.50  54.12699
   14.50   21.50  53.44732
   15.50   21.50  52.80696
   16.50   21.50  53.25163
   17.50   21.50  53.65436
   18.50   21.50  54.19687
   19.50   21.50  54.57689
   20.50   21.50  54.68435
   21.50   21.50  54.94730
   22.50   21.50  55.21987
   23.50   21.50  55.29675
   24.50   21.50  55.21113
   25.50   21.50  54.82150
   26.50   21.50  54.23182
   27.50   21.50  53.47003
   28.50   21.50  52.85064
   29.50   21.50  52.20243
   30.50   21.50  51.53062
   31.50   21.50  51.17244
   32.50   21.50  51.17681
   33.50   21.50  51.75776
   34.50   21.50  52.59992
   35.50   21.50  52.80784
   36.50   21.50  52.94587
   37.50   21.50  52.81570
   38.50   21.50  52.73271
   39.50   21.50  52.68553
   40.50   21.50  52.66631
   41.50   21.50  52.58856
   42.50   21.50  52.89083
   43.50   21.50  53.14156
   44.50   21.50  53.30667
   45.50   21.50  53.52420
   46.50   21.50  53.76706
   47.50   21.50  54.02827
   48.50   21.50  54.07806
   49.50   21.50  53.25338
    0.50   22.50  54.03001
    1.50   22.50  53.52245
    2.50   22.50  52.44005
    3.50   22.50  51.29300
    4.50   22.50  51.37512
    5.50   22.50  52.08973
    6.50   22.50  53.68319
    7.50   22.50  54.76122
    8.50   22.50  55.34479
    9.50   22.50  55.53874
   10.50   22.50  55.65929
   11.50   22.50  55.63046
   12.50   22.50  55.28189
   13.50   22.50  54.50438
   14.50   22.50  54.02128
   15.50   22.50  53.42548
   16.50   22.50  53.76182
   17.50   22.50  54.06933
   18.50   22.50  54.38819
   19.50   22.50  54.69745
   20.50   22.50  54.80490
   21.50   22.50  54.80927
   22.50   22.50  55.07398
   23.50   22.50  55.16046
   24.50   22.50  55.18230
   25.50   22.50  54.94293
   26.50   22.50  54.31481
   27.50   22.50  53.55215
   28.50   22.50  53.03934
   29.50   22.50  52.42083
   30.50   22.50  51.74815
   31.50   22.50  51.18992
   32.50   22.50  51.02218
   33.50   22.50  51.65642
   34.50   22.50  52.49683
   35.50   22.50  52.59380
   36.50   22.50  52.70300
   37.50   22.50  52.57196
   38.50   22.50  52.39375
   39.50   22.50  52.29678
   40.50   22.50  52.17971
   41.50   22.50  52.14127
   42.50   22.50  52.69165
   43.50   22.50  52.93888
   44.50   22.50  53.10399
   45.50   22.50  53.26211
   46.50   22.50  53.48838
   47.50   22.50  53.78803
   48.50   22.50  53.97585
   49.50   22.50  53.54342
    0.50   23.50  53.90334
    1.50   23.50  53.62029
    2.50   23.50  52.75367
    3.50   23.50  51.60575
    4.50   23.50  51.64070
    5.50   23.50  52.13167
    6.50   23.50  53.72513
    7.50   23.50  54.80316
    8.50   23.50  55.54310
    9.50   23.50  55.71870
   10.50   23.50  55.83926
   11.50   23.50  55.80781
   12.50   23.50  55.55184
   13.50   23.50  54.77433
   14.50   23.50  54.29122
   15.50   23.50  53.93130
   16.50   23.50  54.22221
   17.50   23.50  54.52884
   18.50   23.50  54.70007
   19.50   23.50  54.81714
   20.50   23.50  54.92372
   21.50   23.50  54.92808
   22.50   23.50  54.89663
   23.50   23.50  54.96303
   24.50   23.50  54.98574
   25.50   23.50  54.89576
   26.50   23.50  54.46158
   27.50   23.50  53.69979
   28.50   23.50  53.19222
   29.50   23.50  52.75455
   30.50   23.50  52.08100
   31.50   23.50  51.52276
   32.50   23.50  51.09469
   33.50   23.50  51.43889
   34.50   23.50  52.27930
   35.50   23.50  52.35618
   36.50   23.50  52.27406
   37.50   23.50  52.14390
   38.50   23.50  51.96481
   39.50   23.50  51.75077
   40.50   23.50  51.57780
   41.50   23.50  51.53936
   42.50   23.50  52.17535
   43.50   23.50  52.83754
   44.50   23.50  53.00353
   45.50   23.50  53.16165
   46.50   23.50  53.31540
   47.50   23.50  53.58360
   48.50   23.50  53.77143
   49.50   23.50  53.56263
    0.50   24.50  53.46042
    1.50   24.50  53.17825
    2.50   24.50  52.79037
    3.50   24.50  51.98577
    4.50   24.50  52.01984
    5.50   24.50  52.46276
    6.50   24.50  53.78104
    7.50   24.50  54.85907
    8.50   24.50  55.59989
    9.50   24.50  55.58940
   10.50   24.50  55.62435
   11.50   24.50  55.59290
   12.50   24.50  55.48370
   13.50   24.50  55.14561
   14.50   24.50  54.66251
   15.50   24.50  54.30258
   16.50   24.50  54.35150
   17.50   24.50  54.59174
   18.50   24.50  54.76297
   19.50   24.50  54.83723
   20.50   24.50  54.86431
   21.50   24.50  54.86780
   22.50   24.50  54.83723
   23.50   24.50  54.68871
   24.50   24.50  54.68347
   25.50   24.50  54.59349
   26.50   24.50  54.39081
   27.50   24.50  53.91033
   28.50   24.50  53.40276
   29.50   24.50  52.97295
   30.50   24.50  52.76853
   31.50   24.50  52.21815
   32.50   24.50  51.79096
   33.50   24.50  51.54635
   34.50   24.50  51.90453
   35.50   24.50  51.98140
   36.50   24.50  51.83027
   37.50   24.50  51.18031
   38.50   24.50  51.00209
   39.50   24.50  50.78718
   40.50   24.50  50.50239
   41.50   24.50  50.40367
   42.50   24.50  51.03966
   43.50   24.50  51.97966
   44.50   24.50  53.14767
   45.50   24.50  53.30579
   46.50   24.50  53.46042
   47.50   24.50  53.60544
   48.50   24.50  53.75308
   49.50   24.50  53.54429
    0.50   25.50  53.19222
    1.50   25.50  52.92752
    2.50   25.50  52.53964
    3.50   25.50  52.14127
    4.50   25.50  52.13254
    5.50   25.50  52.57546
    6.50   25.50  53.85617
    7.50   25.50  54.87130
    8.50   25.50  55.61124
    9.50   25.50  55.60163
   10.50   25.50  55.48894
   11.50   25.50  55.42779
   12.50   25.50  55.31859
   13.50   25.50  55.10717
   14.50   25.50  54.94643
   15.50   25.50  54.58650
   16.50   25.50  54.63542
   17.50   25.50  54.68609
   18.50   25.50  54.82063
   19.50   25.50  54.89489
   20.50   25.50  54.88266
   21.50   25.50  54.73851
   22.50   25.50  54.70793
   23.50   25.50  54.55942
   24.50   25.50  54.30171
   25.50   25.50  54.15581
   26.50   25.50  53.95314
   27.50   25.50  53.68669
   28.50   25.50  53.28920
   29.50   25.50  52.85851
   30.50   25.50  52.65408
   31.50   25.50  52.45228
   32.50   25.50  52.03732
   33.50   25.50  51.79271
   34.50   25.50  51.60575
   35.50   25.50  51.40744
   36.50   25.50  51.25631
   37.50   25.50  50.55655
   38.50   25.50  50.21322
   39.50   25.50  49.99919
   40.50   25.50  49.71439
   41.50   25.50  49.56238
   42.50   25.50  50.30845
   43.50   25.50  51.24845
   44.50   25.50  52.65059
   45.50   25.50  53.49275
   46.50   25.50  53.64737
   47.50   25.50  53.79327
   48.50   25.50  53.92431
   49.50   25.50  53.80200
    0.50   26.50  52.09847
    1.50   26.50  52.81657
    2.50   26.50  52.48023
    3.50   26.50  52.08187
    4.50   26.50  52.02421
    5.50   26.50  52.42083
    6.50   26.50  53.70154
    7.50   26.50  54.72715
    8.50   26.50  55.57892
    9.50   26.50  55.56844
   10.50   26.50  55.45574
   11.50   26.50  55.34392
   12.50   26.50  55.20327
   13.50   26.50  54.99186
   14.50   26.50  54.88790
   15.50   26.50  54.78306
   16.50   26.50  54.83199
   17.50   26.50  54.88178
   18.50   26.50  54.91411
   19.50   26.50  54.94643
   20.50   26.50  54.93507
   21.50   26.50  54.72016
   22.50   26.50  54.50875
   23.50   26.50  54.36111
   24.50   26.50  54.10340
   25.50   26.50  53.65174
   26.50   26.50  53.38092
   27.50   26.50  53.11447
   28.50   26.50  52.76678
   29.50   26.50  52.41908
   30.50   26.50  52.21466
   31.50   26.50  52.01285
   32.50   26.50  51.81455
   33.50   26.50  51.58915
   34.50   26.50  51.40220
   35.50   26.50  50.92871
   36.50   26.50  50.48317
   37.50   26.50  49.78341
   38.50   26.50  49.44794
   39.50   26.50  49.38504
   40.50   26.50  49.10025
   41.50   26.50  48.94824
   42.50   26.50  49.86291
   43.50   26.50  50.92259
   44.50   26.50  52.32473
   45.50   26.50  53.24988
   46.50   26.50  53.87713
   47.50   26.50  54.02303
   48.50   26.50  54.15407
   49.50   26.50  54.23881
    0.50   27.50  50.64828
    1.50   27.50  51.36551
    2.50   27.50  52.58681
    3.50   27.50  52.34220
    4.50   27.50  52.28367
    5.50   27.50  52.34395
    6.50   27.50  53.10224
    7.50   27.50  54.12786
    8.50   27.50  54.98574
    9.50   27.50  55.46186
   10.50   27.50  55.34916
   11.50   27.50  55.23734
   12.50   27.50  55.12639
   13.50   27.50  54.95866
   14.50   27.50  54.85470
   15.50   27.50  54.79617
   16.50   27.50  54.88266
   17.50   27.50  54.93245
   18.50   27.50  54.96390
   19.50   27.50  54.98312
   20.50   27.50  54.97788
   21.50   27.50  54.76210
   22.50   27.50  54.47818
   23.50   27.50  54.04661
   24.50   27.50  53.78890
   25.50   27.50  53.33724
   26.50   27.50  52.69252
   27.50   27.50  52.31600
   28.50   27.50  51.96917
   29.50   27.50  51.59789
   30.50   27.50  51.23272
   31.50   27.50  51.03092
   32.50   27.50  50.83261
   33.50   27.50  50.63867
   34.50   27.50  50.45084
   35.50   27.50  49.97560
   36.50   27.50  49.41562
   37.50   27.50  48.67742
   38.50   27.50  48.34196
   39.50   27.50  48.28255
   40.50   27.50  48.76216
   41.50   27.50  48.62588
   42.50   27.50  49.53967
   43.50   27.50  50.93482
   44.50   27.50  52.67330
   45.50   27.50  53.59845
   46.50   27.50  54.29035
   47.50   27.50  54.32267
   48.50   27.50  54.45459
   49.50   27.50  54.53933
    0.50   28.50  49.29593
    1.50   28.50  50.01317
    2.50   28.50  51.23447
    3.50   28.50  52.58157
    4.50   28.50  52.64884
    5.50   28.50  52.70912
    6.50   28.50  53.01226
    7.50   28.50  53.50847
    8.50   28.50  54.36635
    9.50   28.50  54.85208
   10.50   28.50  55.22511
   11.50   28.50  55.11591
   12.50   28.50  55.00496
   13.50   28.50  54.89401
   14.50   28.50  54.83111
   15.50   28.50  54.77258
   16.50   28.50  54.86256
   17.50   28.50  54.93769
   18.50   28.50  54.97002
   19.50   28.50  54.98836
   20.50   28.50  54.99535
   21.50   28.50  54.78219
   22.50   28.50  54.49739
   23.50   28.50  53.98371
   24.50   28.50  53.46828
   25.50   28.50  53.01750
   26.50   28.50  52.37191
   27.50   28.50  51.61711
   28.50   28.50  51.17419
   29.50   28.50  50.80291
   30.50   28.50  50.35999
   31.50   28.50  49.97123
   32.50   28.50  49.77292
   33.50   28.50  49.57898
   34.50   28.50  49.37805
   35.50   28.50  48.87398
   36.50   28.50  48.31313
   37.50   28.50  47.54610
   38.50   28.50  47.29537
   39.50   28.50  47.23597
   40.50   28.50  47.71558
   41.50   28.50  48.39088
   42.50   28.50  49.32913
   43.50   28.50  50.72428
   44.50   28.50  52.84977
   45.50   28.50  54.00468
   46.50   28.50  54.69658
   47.50   28.50  54.71492
   48.50   28.50  54.74288
   49.50   28.50  54.82762
    0.50   29.50  48.69315
    1.50   29.50  49.51084
    2.50   29.50  50.73215
    3.50   29.50  52.07925
    4.50   29.50  53.05944
    5.50   29.50  53.28046
    6.50   29.50  53.58360
    7.50   29.50  53.72687
    8.50   29.50  54.09117
    9.50   29.50  54.57777
   10.50   29.50  54.94992
   11.50   29.50  54.98399
   12.50   29.50  54.88091
   13.50   29.50  54.76996
   14.50   29.50  54.74026
   15.50   29.50  54.71230
   16.50   29.50  54.80316
   17.50   29.50  54.87654
   18.50   29.50  54.89489
   19.50   29.50  54.91323
   20.50   29.50  54.92022
   21.50   29.50  54.69920
   22.50   29.50  54.41091
   23.50   29.50  53.89723
   24.50   29.50  53.35559
   25.50   29.50  52.78425
   26.50   29.50  52.13865
   27.50   29.50  51.38386
   28.50   29.50  50.71118
   29.50   29.50  50.24904
   30.50   29.50  49.80525
   31.50   29.50  49.31690
   32.50   29.50  48.86525
   33.50   29.50  48.67131
   34.50   29.50  48.47038
   35.50   29.50  47.80818
   36.50   29.50  47.21151
   37.50   29.50  46.44448
   38.50   29.50  46.45584
   39.50   29.50  46.81838
   40.50   29.50  47.29887
   41.50   29.50  47.97417
   42.50   29.50  49.35010
   43.50   29.50  50.78456
   44.50   29.50  52.91092
   45.50   29.50  54.04399
   46.50   29.50  54.71318
   47.50   29.50  54.73152
   48.50   29.50  54.76647
   49.50   29.50  54.98574
    0.50   30.50  48.62675
    1.50   30.50  49.48638
    2.50   30.50  50.89027
    3.50   30.50  52.23737
    4.50   30.50  53.21756
    5.50   30.50  53.76094
    6.50   30.50  53.93829
    7.50   30.50  54.08243
    8.50   30.50  54.12174
    9.50   30.50  54.37596
   10.50   30.50  54.74899
   11.50   30.50  54.78306
   12.50   30.50  54.76472
   13.50   30.50  54.65639
   14.50   30.50  54.62582
   15.50   30.50  54.62931
   16.50   30.50  54.68697
   17.50   30.50  54.76035
   18.50   30.50  54.77782
   19.50   30.50  54.76909
   20.50   30.50  54.77520
   21.50   30.50  54.55505
   22.50   30.50  54.26764
   23.50   30.50  53.78977
   24.50   30.50  53.24814
   25.50   30.50  52.65408
   26.50   30.50  51.88968
   27.50   30.50  51.13488
   28.50   30.50  50.46220
   29.50   30.50  49.75458
   30.50   30.50  49.16664
   31.50   30.50  48.67829
   32.50   30.50  48.13840
   33.50   30.50  47.66666
   34.50   30.50  47.46573
   35.50   30.50  46.80266
   36.50   30.50  46.51699
   37.50   30.50  46.06271
   38.50   30.50  46.07407
   39.50   30.50  46.67511
   40.50   30.50  47.28227
   41.50   30.50  47.95844
   42.50   30.50  49.33437
   43.50   30.50  50.68759
   44.50   30.50  52.71524
   45.50   30.50  53.84918
   46.50   30.50  54.49827
   47.50   30.50  54.73938
   48.50   30.50  54.77520
   49.50   30.50  54.99622
    0.50   31.50  49.14393
    1.50   31.50  50.00356
    2.50   31.50  51.48345
    3.50   31.50  53.05682
    4.50   31.50  54.03700
    5.50   31.50  54.57951
    6.50   31.50  54.22396
    7.50   31.50  54.22046
    8.50   31.50  54.26065
    9.50   31.50  54.42226
   10.50   31.50  54.62145
   11.50   31.50  54.65552
   12.50   31.50  54.63717
   13.50   31.50  54.54981
   14.50   31.50  54.52186
   15.50   31.50  54.52535
   16.50   31.50  54.55243
   17.50   31.50  54.58825
   18.50   31.50  54.60572
   19.50   31.50  54.59524
   20.50   31.50  54.56204
   21.50   31.50  54.34102
   22.50   31.50  54.05360
   23.50   31.50  53.62291
   24.50   31.50  53.11884
   25.50   31.50  52.52566
   26.50   31.50  51.74553
   27.50   31.50  50.86930
   28.50   31.50  50.19662
   29.50   31.50  49.48900
   30.50   31.50  48.60229
   31.50   31.50  47.95407
   32.50   31.50  47.41418
   33.50   31.50  46.86032
   34.50   31.50  46.36323
   35.50   31.50  45.70104
   36.50   31.50  45.41537
   37.50   31.50  46.03913
   38.50   31.50  46.41128
   39.50   31.50  47.01320
   40.50   31.50  47.63521
   41.50   31.50  48.34370
   42.50   31.50  49.71963
   43.50   31.50  51.07285
   44.50   31.50  52.39025
   45.50   31.50  53.39840
   46.50   31.50  54.04749
   47.50   31.50  54.47643
   48.50   31.50  54.77433
   49.50   31.50  54.99535
    0.50   32.50  49.72138
    1.50   32.50  50.99510
    2.50   32.50  52.62001
    3.50   32.50  54.24405
    4.50   32.50  55.01632
    5.50   32.50  54.82238
    6.50   32.50  54.46682
    7.50   32.50  54.35063
    8.50   32.50  54.29821
    9.50   32.50  54.44410
   10.50   32.50  54.59961
   11.50   32.50  54.56816
   12.50   32.50  54.42401
   13.50   32.50  54.33578
   14.50   32.50  54.31219
   15.50   32.50  54.13659
   16.50   32.50  54.16018
   17.50   32.50  54.18464
   18.50   32.50  54.21784
   19.50   32.50  54.22658
   20.50   32.50  54.19251
   21.50   32.50  53.96449
   22.50   32.50  53.73386
   23.50   32.50  53.30317
   24.50   32.50  52.81308
   25.50   32.50  52.16486
   26.50   32.50  51.34367
   27.50   32.50  50.45696
   28.50   32.50  49.77817
   29.50   32.50  49.16227
   30.50   32.50  48.27643
   31.50   32.50  47.55134
   32.50   32.50  46.91273
   33.50   32.50  46.31781
   34.50   32.50  45.75695
   35.50   32.50  45.19871
   36.50   32.50  45.38916
   37.50   32.50  46.01379
   38.50   32.50  46.62532
   39.50   32.50  47.56881
   40.50   32.50  48.26595
   41.50   32.50  48.98231
   42.50   32.50  50.24118
   43.50   32.50  51.32270
   44.50   32.50  52.64010
   45.50   32.50  53.50847
   46.50   32.50  54.11912
   47.50   32.50  54.54544
   48.50   32.50  54.91847
   49.50   32.50  55.02942
    0.50   33.50  50.82038
    1.50   33.50  52.32910
    2.50   33.50  53.95401
    3.50   33.50  55.25656
    4.50   33.50  55.14212
    5.50   33.50  54.94818
    6.50   33.50  54.59262
    7.50   33.50  54.40217
    8.50   33.50  54.31831
    9.50   33.50  54.46420
   10.50   33.50  54.50526
   11.50   33.50  54.31656
   12.50   33.50  54.17241
   13.50   33.50  54.08418
   14.50   33.50  53.84918
   15.50   33.50  53.64039
   16.50   33.50  53.66397
   17.50   33.50  53.71901
   18.50   33.50  53.77579
   19.50   33.50  53.78453
   20.50   33.50  53.75133
   21.50   33.50  53.58535
   22.50   33.50  53.35821
   23.50   33.50  52.92665
   24.50   33.50  52.38152
   25.50   33.50  51.67739
   26.50   33.50  50.85620
   27.50   33.50  50.02714
   28.50   33.50  49.50385
   29.50   33.50  48.88796
   30.50   33.50  48.00125
   31.50   33.50  47.20801
   32.50   33.50  46.50563
   33.50   33.50  45.90983
   34.50   33.50  45.35334
   35.50   33.50  45.36383
   36.50   33.50  45.55515
   37.50   33.50  46.17890
   38.50   33.50  47.22374
   39.50   33.50  48.30876
   40.50   33.50  49.00590
   41.50   33.50  49.65149
   42.50   33.50  50.57664
   43.50   33.50  51.65730
   44.50   33.50  52.97470
   45.50   33.50  53.71901
   46.50   33.50  54.32093
   47.50   33.50  54.74725
   48.50   33.50  54.96652
   49.50   33.50  54.88266
    0.50   34.50  52.52217
    1.50   34.50  54.03089
    2.50   34.50  55.25918
    3.50   34.50  55.37362
    4.50   34.50  55.25831
    5.50   34.50  55.06437
    6.50   34.50  54.71667
    7.50   34.50  54.52797
    8.50   34.50  54.44410
    9.50   34.50  54.42139
   10.50   34.50  54.14795
   11.50   34.50  53.96013
   12.50   34.50  53.81511
   13.50   34.50  53.40102
   14.50   34.50  53.12234
   15.50   34.50  52.91354
   16.50   34.50  52.99217
   17.50   34.50  53.11535
   18.50   34.50  53.17213
   19.50   34.50  53.18087
   20.50   34.50  53.19659
   21.50   34.50  53.03148
   22.50   34.50  52.80434
   23.50   34.50  52.32211
   24.50   34.50  51.73417
   25.50   34.50  51.03092
   26.50   34.50  50.29097
   27.50   34.50  50.07345
   28.50   34.50  49.55015
   29.50   34.50  48.93513
   30.50   34.50  48.07550
   31.50   34.50  47.29712
   32.50   34.50  46.59474
   33.50   34.50  45.98933
   34.50   34.50  45.39615
   35.50   34.50  45.40663
   36.50   34.50  45.59708
   37.50   34.50  46.93457
   38.50   34.50  48.21703
   39.50   34.50  49.30118
   40.50   34.50  49.96774
   41.50   34.50  50.54781
   42.50   34.50  51.47296
   43.50   34.50  52.55274
   44.50   34.50  53.40364
   45.50   34.50  54.06583
   46.50   34.50  54.66775
   47.50   34.50  54.88003
   48.50   34.50  54.79966
   49.50   34.50  54.71580
    0.50   35.50  53.50585
    1.50   35.50  54.68959
    2.50   35.50  54.87829
    3.50   35.50  54.99186
    4.50   35.50  54.87654
    5.50   35.50  55.09320
    6.50   35.50  54.74637
    7.50   35.50  54.55855
    8.50   35.50  54.37946
    9.50   35.50  54.08680
   10.50   35.50  53.81336
   11.50   35.50  53.62553
   12.50   35.50  53.23853
   13.50   35.50  52.79299
   14.50   35.50  52.51431
   15.50   35.50  52.48810
   16.50   35.50  52.63486
   17.50   35.50  52.75804
   18.50   35.50  52.78600
   19.50   35.50  52.56061
   20.50   35.50  52.57633
   21.50   35.50  52.41122
   22.50   35.50  51.99888
   23.50   35.50  51.47821
   24.50   35.50  50.89114
   25.50   35.50  50.26477
   26.50   35.50  50.05335
   27.50   35.50  49.83670
   28.50   35.50  49.31341
   29.50   35.50  49.09413
   30.50   35.50  48.24848
   31.50   35.50  47.47009
   32.50   35.50  46.71180
   33.50   35.50  46.02689
   34.50   35.50  45.43459
   35.50   35.50  45.44507
   36.50   35.50  46.23045
   37.50   35.50  47.77411
   38.50   35.50  49.05569
   39.50   35.50  50.24467
   40.50   35.50  50.90774
   41.50   35.50  51.48782
   42.50   35.50  52.41297
   43.50   35.50  52.90306
   44.50   35.50  53.68931
   45.50   35.50  54.35238
   46.50   35.50  54.76297
   47.50   35.50  54.69832
   48.50   35.50  54.61708
   49.50   35.50  54.53321
    0.50   36.50  53.40801
    1.50   36.50  53.81074
    2.50   36.50  53.99856
    3.50   36.50  54.11213
    4.50   36.50  54.68959
    5.50   36.50  55.02855
    6.50   36.50  54.68260
    7.50   36.50  54.39081
    8.50   36.50  54.06671
    9.50   36.50  53.77405
   10.50   36.50  53.50148
   11.50   36.50  53.14592
   12.50   36.50  52.75018
   13.50   36.50  52.30464
   14.50   36.50  52.22165
   15.50   36.50  52.37977
   16.50   36.50  52.52654
   17.50   36.50  52.60079
   18.50   36.50  52.09934
   19.50   36.50  51.87395
   20.50   36.50  51.88968
   21.50   36.50  51.50529
   22.50   36.50  50.95754
   23.50   36.50  50.43687
   24.50   36.50  49.94503
   25.50   36.50  49.74410
   26.50   36.50  49.53356
   27.50   36.50  49.31690
   28.50   36.50  49.35010
   29.50   36.50  49.35097
   30.50   36.50  48.50532
   31.50   36.50  47.66316
   32.50   36.50  46.74587
   33.50   36.50  46.06097
   34.50   36.50  45.46866
   35.50   36.50  46.01117
   36.50   36.50  46.91623
   37.50   36.50  48.45989
   38.50   36.50  49.85592
   39.50   36.50  51.22923
   40.50   36.50  51.89230
   41.50   36.50  52.47237
   42.50   36.50  52.70213
   43.50   36.50  53.12933
   44.50   36.50  53.91557
   45.50   36.50  54.37334
   46.50   36.50  54.56554
   47.50   36.50  54.50002
   48.50   36.50  54.41790
   49.50   36.50  54.29122
    0.50   37.50  52.28367
    1.50   37.50  52.68641
    2.50   37.50  52.87423
    3.50   37.50  52.44354
    4.50   37.50  53.11622
    5.50   37.50  53.45518
    6.50   37.50  53.83782
    7.50   37.50  54.12611
    8.50   37.50  53.80200
    9.50   37.50  53.50934
   10.50   37.50  53.20009
   11.50   37.50  52.84191
   12.50   37.50  52.44616
   13.50   37.50  52.01023
   14.50   37.50  51.99626
   15.50   37.50  52.15351
   16.50   37.50  52.37453
   17.50   37.50  52.80871
   18.50   37.50  52.30639
   19.50   37.50  52.08100
   20.50   37.50  51.31222
   21.50   37.50  50.64828
   22.50   37.50  50.10053
   23.50   37.50  49.44620
   24.50   37.50  48.66170
   25.50   37.50  48.46164
   26.50   37.50  48.25023
   27.50   37.50  48.29565
   28.50   37.50  48.48785
   29.50   37.50  48.48872
   30.50   37.50  48.12093
   31.50   37.50  48.02221
   32.50   37.50  47.10493
   33.50   37.50  46.42002
   34.50   37.50  45.50622
   35.50   37.50  46.14658
   36.50   37.50  47.05164
   37.50   37.50  48.74207
   38.50   37.50  50.33553
   39.50   37.50  51.70884
   40.50   37.50  52.37191
   41.50   37.50  53.44208
   42.50   37.50  53.63340
   43.50   37.50  54.06059
   44.50   37.50  54.34713
   45.50   37.50  54.42838
   46.50   37.50  54.62057
   47.50   37.50  54.52710
   48.50   37.50  54.18639
   49.50   37.50  54.05972
    0.50   38.50  51.18293
    1.50   38.50  51.58566
    2.50   38.50  51.24757
    3.50   38.50  50.74700
    4.50   38.50  51.39347
    5.50   38.50  52.24611
    6.50   38.50  53.46566
    7.50   38.50  53.88063
    8.50   38.50  53.55652
    9.50   38.50  53.25338
   10.50   38.50  52.96159
   11.50   38.50  52.60603
   12.50   38.50  52.21728
   13.50   38.50  51.79008
   14.50   38.50  51.75776
   15.50   38.50  51.91501
   16.50   38.50  52.66544
   17.50   38.50  53.13282
   18.50   38.50  52.62962
   19.50   38.50  51.78047
   20.50   38.50  50.62906
   21.50   38.50  49.88125
   22.50   38.50  49.28283
   23.50   38.50  48.16723
   24.50   38.50  47.41331
   25.50   38.50  47.21238
   26.50   38.50  47.21675
   27.50   38.50  47.33731
   28.50   38.50  47.55483
   29.50   38.50  47.83264
   30.50   38.50  48.44679
   31.50   38.50  48.47300
   32.50   38.50  47.55571
   33.50   38.50  46.58513
   34.50   38.50  45.62154
   35.50   38.50  46.24442
   36.50   38.50  47.24995
   37.50   38.50  49.13432
   38.50   38.50  50.63954
   39.50   38.50  52.01285
   40.50   38.50  53.24289
   41.50   38.50  54.34189
   42.50   38.50  54.54108
   43.50   38.50  54.59786
   44.50   38.50  54.44935
   45.50   38.50  54.51749
   46.50   38.50  54.70968
   47.50   38.50  54.33840
   48.50   38.50  53.96449
   49.50   38.50  53.83782
    0.50   39.50  51.06237
    1.50   39.50  50.85096
    2.50   39.50  50.51200
    3.50   39.50  50.01142
    4.50   39.50  50.46919
    5.50   39.50  51.28776
    6.50   39.50  52.50732
    7.50   39.50  53.23940
    8.50   39.50  53.35996
    9.50   39.50  53.05594
   10.50   39.50  52.76503
   11.50   39.50  52.52304
   12.50   39.50  52.14127
   13.50   39.50  51.71321
   14.50   39.50  51.62410
   15.50   39.50  51.72893
   16.50   39.50  52.47936
   17.50   39.50  52.96247
   18.50   39.50  52.63748
   19.50   39.50  51.78834
   20.50   39.50  50.63692
   21.50   39.50  49.57811
   22.50   39.50  48.78575
   23.50   39.50  47.67015
   24.50   39.50  46.94942
   25.50   39.50  46.89701
   26.50   39.50  46.90138
   27.50   39.50  47.02193
   28.50   39.50  47.34604
   29.50   39.50  47.66666
   30.50   39.50  48.28168
   31.50   39.50  48.51930
   32.50   39.50  48.13666
   33.50   39.50  47.16608
   34.50   39.50  46.20336
   35.50   39.50  46.73015
   36.50   39.50  47.71383
   37.50   39.50  49.59820
   38.50   39.50  50.90075
   39.50   39.50  51.94733
   40.50   39.50  53.17737
   41.50   39.50  54.27637
   42.50   39.50  54.61533
   43.50   39.50  54.68522
   44.50   39.50  54.53671
   45.50   39.50  54.56990
   46.50   39.50  54.72453
   47.50   39.50  54.35238
   48.50   39.50  53.96799
   49.50   39.50  53.64563
    0.50   40.50  51.09906
    1.50   40.50  50.63255
    2.50   40.50  49.99569
    3.50   40.50  49.49512
    4.50   40.50  49.95289
    5.50   40.50  50.74263
    6.50   40.50  52.00936
    7.50   40.50  52.74144
    8.50   40.50  53.15291
    9.50   40.50  52.88821
   10.50   40.50  52.59642
   11.50   40.50  52.35531
   12.50   40.50  52.13865
   13.50   40.50  51.73155
   14.50   40.50  51.64244
   15.50   40.50  51.69399
   16.50   40.50  52.32473
   17.50   40.50  52.80696
   18.50   40.50  52.49159
   19.50   40.50  51.60488
   20.50   40.50  50.45434
   21.50   40.50  49.39553
   22.50   40.50  48.36816
   23.50   40.50  47.33556
   24.50   40.50  46.61396
   25.50   40.50  46.58950
   26.50   40.50  47.14599
   27.50   40.50  47.26654
   28.50   40.50  47.59065
   29.50   40.50  47.97766
   30.50   40.50  48.57696
   31.50   40.50  48.81370
   32.50   40.50  48.61889
   33.50   40.50  47.82565
   34.50   40.50  46.86206
   35.50   40.50  47.38972
   36.50   40.50  48.36117
   37.50   40.50  50.28049
   38.50   40.50  51.58391
   39.50   40.50  52.44529
   40.50   40.50  52.89083
   41.50   40.50  53.98983
   42.50   40.50  54.32879
   43.50   40.50  54.32442
   44.50   40.50  54.13048
   45.50   40.50  54.16368
   46.50   40.50  54.28511
   47.50   40.50  54.32093
   48.50   40.50  53.93567
   49.50   40.50  53.60981
    0.50   41.50  51.00995
    1.50   41.50  50.54345
    2.50   41.50  49.85330
    3.50   41.50  49.19722
    4.50   41.50  49.65499
    5.50   41.50  50.44473
    6.50   41.50  51.91414
    7.50   41.50  52.70213
    8.50   41.50  53.11360
    9.50   41.50  52.81395
   10.50   41.50  52.45752
   11.50   41.50  52.21553
   12.50   41.50  51.99888
   13.50   41.50  51.81542
   14.50   41.50  51.75689
   15.50   41.50  51.80843
   16.50   41.50  52.33172
   17.50   41.50  52.68379
   18.50   41.50  52.36841
   19.50   41.50  51.47733
   20.50   41.50  50.08568
   21.50   41.50  49.02250
   22.50   41.50  47.99513
   23.50   41.50  47.07173
   24.50   41.50  46.44098
   25.50   41.50  46.41565
   26.50   41.50  47.08658
   27.50   41.50  48.07114
   28.50   41.50  48.39525
   29.50   41.50  48.78225
   30.50   41.50  49.35010
   31.50   41.50  49.57025
   32.50   41.50  49.37456
   33.50   41.50  48.57783
   34.50   41.50  47.60026
   35.50   41.50  48.12792
   36.50   41.50  49.09937
   37.50   41.50  51.14187
   38.50   41.50  52.48548
   39.50   41.50  53.34773
   40.50   41.50  53.34598
   41.50   41.50  53.48139
   42.50   41.50  53.81948
   43.50   41.50  53.81598
   44.50   41.50  53.29007
   45.50   41.50  53.26473
   46.50   41.50  53.38617
   47.50   41.50  53.76444
   48.50   41.50  53.85791
   49.50   41.50  53.53293
    0.50   42.50  51.54547
    1.50   42.50  51.11129
    2.50   42.50  50.42114
    3.50   42.50  49.68382
    4.50   42.50  49.41737
    5.50   42.50  50.20711
    6.50   42.50  51.67564
    7.50   42.50  52.65845
    8.50   42.50  53.13457
    9.50   42.50  52.83579
   10.50   42.50  52.43044
   11.50   42.50  52.04343
   12.50   42.50  51.82678
   13.50   42.50  51.64419
   14.50   42.50  51.43453
   15.50   42.50  51.44501
   16.50   42.50  51.96830
   17.50   42.50  52.41996
   18.50   42.50  52.43044
   19.50   42.50  51.54023
   20.50   42.50  50.14770
   21.50   42.50  49.37456
   22.50   42.50  48.36816
   23.50   42.50  47.44476
   24.50   42.50  46.73190
   25.50   42.50  46.54756
   26.50   42.50  47.21850
   27.50   42.50  48.28430
   28.50   42.50  49.10636
   29.50   42.50  49.49337
   30.50   42.50  50.06121
   31.50   42.50  50.37659
   32.50   42.50  50.26826
   33.50   42.50  49.47066
   34.50   42.50  48.48261
   35.50   42.50  48.66606
   36.50   42.50  49.63752
   37.50   42.50  51.68088
   38.50   42.50  53.00265
   39.50   42.50  53.83869
   40.50   42.50  53.83695
   41.50   42.50  53.65611
   42.50   42.50  53.49886
   43.50   42.50  53.49449
   44.50   42.50  52.96858
   45.50   42.50  52.80260
   46.50   42.50  52.90306
   47.50   42.50  53.28133
   48.50   42.50  53.57574
   49.50   42.50  53.43072
    0.50   43.50  52.19282
    1.50   43.50  51.81629
    2.50   43.50  51.25282
    3.50   43.50  50.51462
    4.50   43.50  50.07869
    5.50   43.50  49.99395
    6.50   43.50  51.46248
    7.50   43.50  52.44442
    8.50   43.50  53.10661
    9.50   43.50  52.88122
   10.50   43.50  52.47674
   11.50   43.50  52.02945
   12.50   43.50  51.64244
   13.50   43.50  51.45899
   14.50   43.50  51.25020
   15.50   43.50  51.03092
   16.50   43.50  51.41356
   17.50   43.50  51.86521
   18.50   43.50  52.08973
   19.50   43.50  51.67652
   20.50   43.50  50.28486
   21.50   43.50  49.51084
   22.50   43.50  48.94824
   23.50   43.50  48.11569
   24.50   43.50  47.40283
   25.50   43.50  47.05950
   26.50   43.50  47.47272
   27.50   43.50  48.53852
   28.50   43.50  49.38592
   29.50   43.50  50.16692
   30.50   43.50  50.73477
   31.50   43.50  51.05014
   32.50   43.50  51.07460
   33.50   43.50  50.41852
   34.50   43.50  49.43047
   35.50   43.50  49.55103
   36.50   43.50  50.09703
   37.50   43.50  52.14040
   38.50   43.50  53.46130
   39.50   43.50  54.23619
   40.50   43.50  54.16280
   41.50   43.50  53.98197
   42.50   43.50  53.65174
   43.50   43.50  53.24814
   44.50   43.50  52.72222
   45.50   43.50  52.55624
   46.50   43.50  52.56585
   47.50   43.50  52.96421
   48.50   43.50  53.25862
   49.50   43.50  53.21669
    0.50   44.50  53.04196
    1.50   44.50  52.66544
    2.50   44.50  52.47412
    3.50   44.50  52.00237
    4.50   44.50  51.56731
    5.50   44.50  51.23534
    6.50   44.50  51.30960
    7.50   44.50  52.29154
    8.50   44.50  52.95286
    9.50   44.50  52.90568
   10.50   44.50  52.58332
   11.50   44.50  52.13691
   12.50   44.50  51.66865
   13.50   44.50  51.24233
   14.50   44.50  51.03267
   15.50   44.50  50.81339
   16.50   44.50  50.55742
   17.50   44.50  50.83348
   18.50   44.50  51.05800
   19.50   44.50  51.11828
   20.50   44.50  50.60722
   21.50   44.50  49.83408
   22.50   44.50  49.27060
   23.50   44.50  49.40514
   24.50   44.50  48.81894
   25.50   44.50  48.47649
   26.50   44.50  48.50357
   27.50   44.50  49.09763
   28.50   44.50  49.94503
   29.50   44.50  50.72690
   30.50   44.50  51.31572
   31.50   44.50  51.63109
   32.50   44.50  51.65555
   33.50   44.50  51.27640
   34.50   44.50  50.51549
   35.50   44.50  50.63605
   36.50   44.50  51.08596
   37.50   44.50  52.40074
   38.50   44.50  53.72163
   39.50   44.50  54.49652
   40.50   44.50  54.19862
   41.50   44.50  53.89635
   42.50   44.50  53.56613
   43.50   44.50  53.16864
   44.50   44.50  52.66282
   45.50   44.50  52.49683
   46.50   44.50  52.50644
   47.50   44.50  53.02362
   48.50   44.50  53.35734
   49.50   44.50  53.31540
    0.50   45.50  53.27784
    1.50   45.50  53.08564
    2.50   45.50  53.03585
    3.50   45.50  52.88384
    4.50   45.50  52.44791
    5.50   45.50  52.28804
    6.50   45.50  52.17010
    7.50   45.50  52.52304
    8.50   45.50  52.80609
    9.50   45.50  52.64273
   10.50   45.50  52.45053
   11.50   45.50  52.00412
   12.50   45.50  51.76650
   13.50   45.50  51.27029
   14.50   45.50  50.96889
   15.50   45.50  50.67012
   16.50   45.50  50.41241
   17.50   45.50  50.28049
   18.50   45.50  50.49103
   19.50   45.50  50.42813
   20.50   45.50  50.34601
   21.50   45.50  49.82097
   22.50   45.50  49.65586
   23.50   45.50  49.78952
   24.50   45.50  49.75021
   25.50   45.50  49.51259
   26.50   45.50  49.78515
   27.50   45.50  50.02190
   28.50   45.50  50.79854
   29.50   45.50  51.01956
   30.50   45.50  51.60750
   31.50   45.50  51.93423
   32.50   45.50  52.04605
   33.50   45.50  51.75514
   34.50   45.50  51.24670
   35.50   45.50  51.36726
   36.50   45.50  52.07488
   37.50   45.50  53.32065
   38.50   45.50  54.29821
   39.50   45.50  54.80054
   40.50   45.50  54.38645
   41.50   45.50  53.91208
   42.50   45.50  53.58185
   43.50   45.50  53.17737
   44.50   45.50  52.67680
   45.50   45.50  52.51867
   46.50   45.50  52.58594
   47.50   45.50  53.10923
   48.50   45.50  53.52245
   49.50   45.50  53.47615
    0.50   46.50  53.10661
    1.50   46.50  53.35908
    2.50   46.50  53.31016
    3.50   46.50  53.15815
    4.50   46.50  53.01314
    5.50   46.50  52.90393
    6.50   46.50  52.78687
    7.50   46.50  52.72747
    8.50   46.50  52.43481
    9.50   46.50  52.27144
   10.50   46.50  52.08012
   11.50   46.50  52.07139
   12.50   46.50  51.85648
   13.50   46.50  51.36027
   14.50   46.50  50.97501
   15.50   46.50  50.59674
   16.50   46.50  50.33902
   17.50   46.50  50.18352
   18.50   46.50  50.14159
   19.50   46.50  50.07869
   20.50   46.50  49.99657
   21.50   46.50  49.96250
   22.50   46.50  50.10140
   23.50   46.50  50.23506
   24.50   46.50  50.32504
   25.50   46.50  50.65964
   26.50   46.50  50.93220
   27.50   46.50  51.16982
   28.50   46.50  51.14187
   29.50   46.50  51.04490
   30.50   46.50  51.63371
   31.50   46.50  52.05916
   32.50   46.50  52.42258
   33.50   46.50  52.13167
   34.50   46.50  51.62410
   35.50   46.50  52.16486
   36.50   46.50  52.96683
   37.50   46.50  54.21347
   38.50   46.50  54.89314
   39.50   46.50  54.91673
   40.50   46.50  54.50264
   41.50   46.50  54.02739
   42.50   46.50  53.68494
   43.50   46.50  53.27959
   44.50   46.50  52.77901
   45.50   46.50  52.68379
   46.50   46.50  52.81745
   47.50   46.50  53.34074
   48.50   46.50  53.74260
   49.50   46.50  53.48401
    0.50   47.50  52.89957
    1.50   47.50  53.15291
    2.50   47.50  53.13893
    3.50   47.50  53.00789
    4.50   47.50  52.90306
    5.50   47.50  52.68815
    6.50   47.50  52.39812
    7.50   47.50  52.17447
    8.50   47.50  51.88181
    9.50   47.50  52.27057
   10.50   47.50  52.14739
   11.50   47.50  52.14652
   12.50   47.50  51.93074
   13.50   47.50  51.43365
   14.50   47.50  51.02131
   15.50   47.50  50.64391
   16.50   47.50  50.60460
   17.50   47.50  50.40367
   18.50   47.50  50.36086
   19.50   47.50  50.41939
   20.50   47.50  50.41241
   21.50   47.50  50.51025
   22.50   47.50  50.67536
   23.50   47.50  51.04228
   24.50   47.50  51.24845
   25.50   47.50  51.58391
   26.50   47.50  51.00122
   27.50   47.50  50.93744
   28.50   47.50  50.72254
   29.50   47.50  50.75049
   30.50   47.50  51.78135
   31.50   47.50  52.26533
   32.50   47.50  52.62962
   33.50   47.50  52.71611
   34.50   47.50  52.27843
   35.50   47.50  52.89607
   36.50   47.50  53.49187
   37.50   47.50  54.33752
   38.50   47.50  54.88877
   39.50   47.50  54.91148
   40.50   47.50  54.75860
   41.50   47.50  54.28773
   42.50   47.50  53.94440
   43.50   47.50  53.62816
   44.50   47.50  53.23154
   45.50   47.50  53.15728
   46.50   47.50  53.29182
   47.50   47.50  53.31104
   48.50   47.50  53.67620
   49.50   47.50  53.41762
    0.50   48.50  52.58507
    1.50   48.50  52.83841
    2.50   48.50  52.82444
    3.50   48.50  52.71786
    4.50   48.50  52.57895
    5.50   48.50  52.36404
    6.50   48.50  51.92375
    7.50   48.50  51.67302
    8.50   48.50  51.38036
    9.50   48.50  51.77960
   10.50   48.50  52.18932
   11.50   48.50  52.18670
   12.50   48.50  51.97179
   13.50   48.50  51.47296
   14.50   48.50  51.13401
   15.50   48.50  50.75748
   16.50   48.50  50.74874
   17.50   48.50  50.77757
   18.50   48.50  50.73564
   19.50   48.50  50.79417
   20.50   48.50  50.94006
   21.50   48.50  51.10692
   22.50   48.50  51.27204
   23.50   48.50  51.70622
   24.50   48.50  51.89929
   25.50   48.50  52.23475
   26.50   48.50  51.65205
   27.50   48.50  50.54781
   28.50   48.50  50.19051
   29.50   48.50  50.21846
   30.50   48.50  51.46423
   31.50   48.50  52.39287
   32.50   48.50  52.75717
   33.50   48.50  52.84366
   34.50   48.50  52.84540
   35.50   48.50  53.47091
   36.50   48.50  54.06671
   37.50   48.50  54.60747
   38.50   48.50  54.86693
   39.50   48.50  54.89052
   40.50   48.50  54.73764
   41.50   48.50  54.57427
   42.50   48.50  54.24842
   43.50   48.50  53.93130
   44.50   48.50  53.65524
   45.50   48.50  53.60195
   46.50   48.50  53.73561
   47.50   48.50  53.70503
   48.50   48.50  53.58360
   49.50   48.50  53.32501
    0.50   49.50  52.44616
    1.50   49.50  52.45839
    2.50   49.50  52.44442
    3.50   49.50  52.33784
    4.50   49.50  51.95432
    5.50   49.50  51.69573
    6.50   49.50  51.25544
    7.50   49.50  51.25718
    8.50   49.50  51.31746
    9.50   49.50  51.71670
   10.50   49.50  52.12642
   11.50   49.50  52.07313
   12.50   49.50  51.85561
   13.50   49.50  51.35765
   14.50   49.50  51.24757
   15.50   49.50  51.08508
   16.50   49.50  51.07635
   17.50   49.50  51.12702
   18.50   49.50  51.31746
   19.50   49.50  51.37599
   20.50   49.50  51.52189
   21.50   49.50  51.78310
   22.50   49.50  52.00761
   23.50   49.50  52.44092
   24.50   49.50  52.41035
   25.50   49.50  51.74466
   26.50   49.50  51.16109
   27.50   49.50  50.05772
   28.50   49.50  49.58248
   29.50   49.50  49.56326
   30.50   49.50  50.80990
   31.50   49.50  51.89579
   32.50   49.50  52.65845
   33.50   49.50  52.74581
   34.50   49.50  52.74756
   35.50   49.50  53.40888
   36.50   49.50  54.01254
   37.50   49.50  54.55418
   38.50   49.50  54.83985
   39.50   49.50  54.90624
   40.50   49.50  54.75336
   41.50   49.50  54.59000
   42.50   49.50  54.58650
   43.50   49.50  54.29909
   44.50   49.50  54.02215
   45.50   49.50  53.81773
   46.50   49.50  53.78890
   47.50   49.50  53.75832
   48.50   49.50  53.62641
   49.50   49.50  53.17825
